0.000000E+0	3.239223E-2
2.000000E-1	1.331850E-1
4.000000E-1	-1.446893E-2
6.000000E-1	-4.514181E-2
8.000000E-1	-1.286810E-1
1.000000E+0	-1.804500E-1
1.200000E+0	-1.302694E-1
1.400000E+0	8.563327E-2
1.600000E+0	1.093882E-1
1.800000E+0	1.312424E-1
2.000000E+0	3.956227E-2
2.200000E+0	-1.725282E-1
2.400000E+0	-4.044270E-1
2.600000E+0	-2.832804E-1
2.800000E+0	-2.803030E-2
3.000000E+0	1.349598E-1
3.200000E+0	8.340396E-2
3.400000E+0	-3.567667E-2
3.600000E+0	-9.850958E-2
3.800000E+0	4.530088E-2
4.000000E+0	3.079847E-2
4.200000E+0	-1.208203E-1
4.400000E+0	-3.104181E-1
4.600000E+0	-2.860077E-1
4.800000E+0	5.613663E-1
5.000000E+0	1.058731E+0
5.200000E+0	6.057189E-1
5.400000E+0	9.633095E-1
5.600000E+0	1.442476E+0
5.800000E+0	1.552917E+0
6.000000E+0	1.576367E+0
6.200000E+0	1.933856E+0
6.400000E+0	1.971208E+0
6.600000E+0	2.001962E+0
6.800000E+0	2.312834E+0
7.000000E+0	2.154593E+0
7.200000E+0	2.206676E+0
7.400000E+0	2.140957E+0
7.600000E+0	2.416065E+0
7.800000E+0	2.433777E+0
8.000000E+0	2.132661E+0
8.200000E+0	2.056268E+0
8.400000E+0	2.326809E+0
8.600000E+0	2.681518E+0
8.800000E+0	3.043082E+0
9.000000E+0	3.100176E+0
9.200000E+0	3.205375E+0
9.400000E+0	3.022975E+0
9.600000E+0	3.177734E+0
9.800000E+0	3.504518E+0
1.000000E+1	3.852971E+0
1.020000E+1	4.355428E+0
1.040000E+1	3.844498E+0
1.060000E+1	3.690614E+0
1.080000E+1	3.835999E+0
1.100000E+1	3.995538E+0
1.120000E+1	3.945166E+0
1.140000E+1	4.119951E+0
1.160000E+1	4.314727E+0
1.180000E+1	4.757312E+0
1.200000E+1	5.004279E+0
1.220000E+1	5.083199E+0
1.240000E+1	5.031648E+0
1.260000E+1	5.299610E+0
1.280000E+1	5.412019E+0
1.300000E+1	5.413475E+0
1.320000E+1	5.404729E+0
1.340000E+1	5.292365E+0
1.360000E+1	5.164877E+0
1.380000E+1	5.452609E+0
1.400000E+1	5.994877E+0
1.420000E+1	6.202083E+0
1.440000E+1	6.237819E+0
1.460000E+1	6.361532E+0
1.480000E+1	6.177390E+0
1.500000E+1	5.513116E+0
1.520000E+1	4.673944E+0
1.540000E+1	4.129913E+0
1.560000E+1	3.497984E+0
1.580000E+1	3.156926E+0
1.600000E+1	2.922230E+0
1.620000E+1	2.564848E+0
1.640000E+1	2.342861E+0
1.660000E+1	1.954678E+0
1.680000E+1	1.966188E+0
1.700000E+1	1.857749E+0
1.720000E+1	1.675177E+0
1.740000E+1	1.647530E+0
1.760000E+1	1.465972E+0
1.780000E+1	1.211569E+0
1.800000E+1	1.240448E+0
1.820000E+1	1.207520E+0
1.840000E+1	1.298283E+0
1.860000E+1	1.183607E+0
1.880000E+1	1.183048E+0
1.900000E+1	1.049938E+0
1.920000E+1	1.004928E+0
1.940000E+1	8.627068E-1
1.960000E+1	8.645447E-1
1.980000E+1	9.895675E-1
2.000000E+1	1.095182E+0
2.020000E+1	9.492418E-1
2.040000E+1	9.019293E-1
2.060000E+1	8.223240E-1
2.080000E+1	7.793464E-1
2.100000E+1	6.249870E-1
2.120000E+1	7.374653E-1
2.140000E+1	5.957537E-1
2.160000E+1	7.253658E-1
2.180000E+1	6.860602E-1
2.200000E+1	4.772427E-1
2.220000E+1	4.834722E-1
2.240000E+1	6.890340E-1
2.260000E+1	6.082172E-1
2.280000E+1	5.661387E-1
2.300000E+1	4.537334E-1
2.320000E+1	5.849249E-1
2.340000E+1	5.531186E-1
2.360000E+1	6.888602E-1
2.380000E+1	6.670000E-1
2.400000E+1	6.764858E-1
2.420000E+1	4.242375E-1
2.440000E+1	4.863433E-1
2.460000E+1	3.395514E-1
2.480000E+1	4.167943E-1
2.500000E+1	6.159972E-1
2.520000E+1	4.289586E-1
2.540000E+1	4.075189E-1
2.560000E+1	3.719757E-1
2.580000E+1	3.247487E-1
2.600000E+1	3.735183E-1
2.620000E+1	4.466310E-1
2.640000E+1	5.322969E-1
2.660000E+1	3.417719E-1
2.680000E+1	4.798979E-1
2.700000E+1	3.957385E-1
2.720000E+1	1.735792E-1
2.740000E+1	3.772328E-1
2.760000E+1	3.800179E-1
2.780000E+1	1.413103E-1
2.800000E+1	2.881720E-1
2.820000E+1	5.337595E-1
2.840000E+1	4.493562E-1
2.860000E+1	1.644640E-1
2.880000E+1	1.447502E-1
2.900000E+1	1.023774E-1
2.920000E+1	1.166249E-1
2.940000E+1	2.192106E-1
2.960000E+1	9.107582E-2
2.980000E+1	-3.301472E-3
3.000000E+1	9.275933E-2
3.020000E+1	1.319997E-1
3.040000E+1	2.543988E-1
3.060000E+1	1.562009E-1
3.080000E+1	1.302680E-1
3.100000E+1	4.738821E-2
3.120000E+1	1.037840E-1
3.140000E+1	2.918672E-1
3.160000E+1	-6.399344E-2
3.180000E+1	-1.691401E-2
3.200000E+1	4.914803E-3
3.220000E+1	1.082983E-1
3.240000E+1	9.187944E-2
3.260000E+1	-7.532152E-2
3.280000E+1	-2.405614E-2
3.300000E+1	1.799204E-1
3.320000E+1	1.787205E-1
3.340000E+1	2.333142E-4
3.360000E+1	-1.954160E-1
3.380000E+1	-1.208844E-1
3.400000E+1	3.200639E-2
3.420000E+1	-5.864930E-2
3.440000E+1	-4.255268E-2
3.460000E+1	-1.290295E-1
3.480000E+1	-1.269664E-1
3.500000E+1	1.499303E-1
3.520000E+1	-8.500696E-2
3.540000E+1	-4.423365E-2
3.560000E+1	-1.876434E-1
3.580000E+1	-5.182144E-2
3.600000E+1	5.174109E-2
3.620000E+1	4.445768E-3
3.640000E+1	-2.000956E-1
3.660000E+1	-2.988809E-1
3.680000E+1	-1.605071E-1
3.700000E+1	-1.557813E-1
3.720000E+1	-9.107490E-2
3.740000E+1	-7.334890E-2
3.760000E+1	-2.514154E-1
3.780000E+1	-3.805717E-1
3.800000E+1	-4.239451E-1
3.820000E+1	-3.763903E-1
3.840000E+1	-4.145225E-1
3.860000E+1	-3.875934E-1
3.880000E+1	-3.003911E-1
3.900000E+1	-3.413310E-1
3.920000E+1	-2.669180E-1
3.940000E+1	-4.365635E-1
3.960000E+1	-4.200343E-1
3.980000E+1	-3.298205E-1
