0.000000E+0	2.085173E-1
2.000000E-1	-1.780890E-2
4.000000E-1	1.441933E-1
6.000000E-1	1.821460E-2
8.000000E-1	-8.456680E-2
1.000000E+0	-1.395520E-1
1.200000E+0	9.970197E-2
1.400000E+0	6.386634E-2
1.600000E+0	5.495456E-2
1.800000E+0	-1.408012E-2
2.000000E+0	-1.249229E-1
2.200000E+0	1.670801E-1
2.400000E+0	3.100922E-1
2.600000E+0	1.903367E-1
2.800000E+0	2.183409E-2
3.000000E+0	-7.651696E-2
3.200000E+0	-5.895642E-2
3.400000E+0	1.490193E-3
3.600000E+0	1.011072E-1
3.800000E+0	3.479486E-2
4.000000E+0	-1.366032E-3
4.200000E+0	6.101627E-2
4.400000E+0	-1.827034E-1
4.600000E+0	-1.753630E-1
4.800000E+0	-2.161644E-1
5.000000E+0	1.151418E+0
5.200000E+0	2.672557E+0
5.400000E+0	2.790054E+0
5.600000E+0	2.194906E+0
5.800000E+0	1.854916E+0
6.000000E+0	1.611183E+0
6.200000E+0	1.406380E+0
6.400000E+0	1.204915E+0
6.600000E+0	1.067185E+0
6.800000E+0	1.087031E+0
7.000000E+0	6.701876E-1
7.200000E+0	5.538918E-1
7.400000E+0	5.869334E-1
7.600000E+0	4.621664E-1
7.800000E+0	2.657333E-1
8.000000E+0	4.225472E-1
8.200000E+0	5.121389E-1
8.400000E+0	4.232402E-1
8.600000E+0	4.215671E-1
8.800000E+0	1.485069E-1
9.000000E+0	3.059633E-1
9.200000E+0	2.790851E-2
9.400000E+0	1.309009E-1
9.600000E+0	1.597922E-1
9.800000E+0	3.509321E-1
1.000000E+1	3.013785E-1
1.020000E+1	5.351270E-2
1.040000E+1	2.294479E-1
1.060000E+1	4.308091E-1
1.080000E+1	1.699800E-1
1.100000E+1	3.418898E-2
1.120000E+1	1.571695E-2
1.140000E+1	5.412508E-2
1.160000E+1	2.887113E-1
1.180000E+1	3.210757E-1
1.200000E+1	1.794422E-1
1.220000E+1	-7.169019E-2
1.240000E+1	-2.831663E-2
1.260000E+1	-7.933975E-2
1.280000E+1	-8.950203E-2
1.300000E+1	-5.650544E-2
1.320000E+1	-1.419200E-1
1.340000E+1	-2.789505E-1
1.360000E+1	-3.516685E-1
1.380000E+1	-1.216292E-2
1.400000E+1	2.308530E-1
1.420000E+1	4.049325E-1
1.440000E+1	2.038829E-1
1.460000E+1	9.602649E-2
1.480000E+1	8.480121E-2
1.500000E+1	5.053172E-2
1.520000E+1	7.838403E-2
1.540000E+1	1.226931E-1
1.560000E+1	-6.058109E-2
1.580000E+1	-7.364593E-2
1.600000E+1	-4.487867E-2
1.620000E+1	1.918558E-2
1.640000E+1	9.207167E-2
1.660000E+1	1.061684E-1
1.680000E+1	-1.109254E-1
1.700000E+1	-1.115314E-1
1.720000E+1	9.845650E-3
1.740000E+1	1.165114E-1
1.760000E+1	-5.368118E-2
1.780000E+1	-1.124893E-2
1.800000E+1	-1.954973E-1
1.820000E+1	-7.416938E-2
1.840000E+1	4.523311E-2
1.860000E+1	-5.695747E-3
1.880000E+1	1.179791E-2
1.900000E+1	9.789733E-2
1.920000E+1	1.856632E-1
1.940000E+1	5.051663E-2
1.960000E+1	3.991299E-2
1.980000E+1	-1.833994E-1
2.000000E+1	-2.269178E-1
2.020000E+1	-1.262495E-1
2.040000E+1	-4.486470E-2
2.060000E+1	8.123620E-2
2.080000E+1	1.852298E-1
2.100000E+1	2.425481E-1
2.120000E+1	2.909136E-1
2.140000E+1	3.353264E-1
2.160000E+1	2.413810E-1
2.180000E+1	1.395799E-1
2.200000E+1	3.506363E-1
2.220000E+1	7.016817E-2
2.240000E+1	-1.157459E-1
2.260000E+1	-1.702603E-1
2.280000E+1	-1.050723E-1
2.300000E+1	-5.084711E-2
2.320000E+1	-1.006313E-1
2.340000E+1	-3.291703E-4
2.360000E+1	1.685733E-1
2.380000E+1	-9.179908E-2
2.400000E+1	-1.117611E-1
2.420000E+1	-1.981169E-1
2.440000E+1	-7.242360E-2
2.460000E+1	1.616581E-1
2.480000E+1	-1.039510E-1
2.500000E+1	1.136416E-2
2.520000E+1	-6.714553E-2
2.540000E+1	1.736613E-1
2.560000E+1	1.544319E-1
2.580000E+1	-5.353190E-2
2.600000E+1	-2.391831E-3
2.620000E+1	-2.657109E-2
2.640000E+1	3.355693E-1
2.660000E+1	-3.163996E-2
2.680000E+1	-2.905567E-1
2.700000E+1	-2.267706E-1
2.720000E+1	-9.051082E-2
2.740000E+1	3.903348E-1
2.760000E+1	1.749443E-1
2.780000E+1	2.666632E-2
2.800000E+1	-4.268336E-2
2.820000E+1	-9.028585E-2
2.840000E+1	1.947028E-1
2.860000E+1	1.557455E-1
2.880000E+1	-1.492868E-1
2.900000E+1	-2.184779E-1
2.920000E+1	-7.218545E-2
2.940000E+1	-1.632830E-2
2.960000E+1	-1.505340E-2
2.980000E+1	-1.707740E-1
3.000000E+1	-1.312669E-1
3.020000E+1	-7.787812E-2
3.040000E+1	-2.178261E-1
3.060000E+1	-2.893503E-1
3.080000E+1	-3.473216E-2
3.100000E+1	-9.438356E-2
3.120000E+1	-1.929720E-1
3.140000E+1	-2.256606E-1
3.160000E+1	-1.277039E-1
3.180000E+1	-7.165445E-2
3.200000E+1	-4.376345E-1
3.220000E+1	-2.945204E-1
3.240000E+1	-1.675051E-1
3.260000E+1	-2.015990E-1
3.280000E+1	-7.387177E-2
3.300000E+1	-2.678632E-1
3.320000E+1	-1.273676E-1
3.340000E+1	3.703319E-2
3.360000E+1	-2.364577E-1
3.380000E+1	7.999256E-3
3.400000E+1	-1.868005E-1
3.420000E+1	-2.763819E-1
3.440000E+1	-1.383286E-1
3.460000E+1	-2.199523E-1
3.480000E+1	-5.657582E-2
3.500000E+1	8.267582E-2
3.520000E+1	1.796303E-2
3.540000E+1	-1.400790E-1
3.560000E+1	-2.654414E-1
3.580000E+1	-1.416775E-1
3.600000E+1	1.218780E-1
3.620000E+1	-5.844251E-2
3.640000E+1	-1.762282E-1
3.660000E+1	-6.674383E-2
3.680000E+1	-1.248190E-1
3.700000E+1	-1.420248E-1
3.720000E+1	-3.340438E-1
3.740000E+1	-1.186474E-1
3.760000E+1	1.553725E-2
3.780000E+1	7.881908E-2
3.800000E+1	-1.363414E-1
3.820000E+1	-8.835173E-2
3.840000E+1	-1.790246E-1
3.860000E+1	-5.292424E-2
3.880000E+1	-8.851043E-2
3.900000E+1	-2.523229E-1
3.920000E+1	-9.913580E-2
3.940000E+1	-1.147012E-1
3.960000E+1	-3.445558E-1
3.980000E+1	-4.777717E-1
