10.06776
10.10328
10.26786
10.36308
10.4717
10.53692
10.67244
10.77952
10.85078
10.8787
10.98922
11.09524
11.15656
11.23864
11.42384
11.48074
11.56674
11.62928
11.71928
11.78188
11.81764
11.8952
12.0658
12.25084
12.3149
12.36822
12.48328
12.52624
12.66948
12.77808
12.8579
12.92044
12.94694
13.06438
13.274
13.3455
13.38946
13.69436
13.83536
13.8731
13.91326
13.96652
14.02154
14.13284
14.1818
14.33706
14.51104
14.54996
14.71218
14.79346
14.89404
14.9164
15.0306
15.26056
15.32436
15.3924
15.4771
15.58176
15.67198
15.77468
15.86656
15.9728
16.16972
16.2557
16.29618
16.33124
16.41676
16.4422
16.63696
16.73758
16.86244
17.0216
17.16506
17.26694
17.33848
17.481
17.61224
17.7048
17.83422
18.0625
18.0769
18.12296
18.22246
18.30024
18.39006
18.51234
18.61426
18.72168
18.82218
18.94084
19.02318
19.09654
19.22604
19.39352
19.47736
19.55926
19.6428
19.65028
19.74716
19.85576
