0.000000E+0	-2.619606E-1
2.000000E-1	-9.246386E-2
4.000000E-1	-7.682250E-2
6.000000E-1	-1.747937E-2
8.000000E-1	-1.984932E-2
1.000000E+0	-8.822418E-3
1.200000E+0	3.269911E-3
1.400000E+0	7.661020E-2
1.600000E+0	7.903882E-2
1.800000E+0	7.826993E-2
2.000000E+0	-2.175139E-2
2.200000E+0	-1.775172E-1
2.400000E+0	-4.694847E-2
2.600000E+0	-2.420473E-2
2.800000E+0	-2.600338E-5
3.000000E+0	9.099735E-2
3.200000E+0	2.670443E-1
3.400000E+0	9.984856E-2
3.600000E+0	2.080665E-1
3.800000E+0	1.038478E-1
4.000000E+0	2.052828E-1
4.200000E+0	-5.959412E-3
4.400000E+0	-1.495124E-2
4.600000E+0	9.987859E-2
4.800000E+0	3.005354E-1
5.000000E+0	4.471041E-1
5.200000E+0	4.844878E-1
5.400000E+0	6.351646E-1
5.600000E+0	6.112197E-1
5.800000E+0	8.305495E-1
6.000000E+0	7.187886E-1
6.200000E+0	8.648177E-1
6.400000E+0	9.703473E-1
6.600000E+0	1.028722E+0
6.800000E+0	1.345173E+0
7.000000E+0	1.064558E+0
7.200000E+0	9.473863E-1
7.400000E+0	1.066694E+0
7.600000E+0	1.181320E+0
7.800000E+0	1.347098E+0
8.000000E+0	1.301343E+0
8.200000E+0	1.393675E+0
8.400000E+0	1.335593E+0
8.600000E+0	1.393851E+0
8.800000E+0	1.368551E+0
9.000000E+0	1.287384E+0
9.200000E+0	1.475230E+0
9.400000E+0	1.419549E+0
9.600000E+0	1.369477E+0
9.800000E+0	1.498359E+0
1.000000E+1	1.285958E+0
1.020000E+1	1.156691E+0
1.040000E+1	1.492402E+0
1.060000E+1	1.590026E+0
1.080000E+1	1.598974E+0
1.100000E+1	1.679676E+0
1.120000E+1	1.651160E+0
1.140000E+1	1.625724E+0
1.160000E+1	1.747732E+0
1.180000E+1	1.733585E+0
1.200000E+1	1.514119E+0
1.220000E+1	1.708141E+0
1.240000E+1	1.762258E+0
1.260000E+1	1.633608E+0
1.280000E+1	1.387111E+0
1.300000E+1	1.605110E+0
1.320000E+1	1.757386E+0
1.340000E+1	1.704224E+0
1.360000E+1	1.670304E+0
1.380000E+1	1.626954E+0
1.400000E+1	1.741233E+0
1.420000E+1	1.528085E+0
1.440000E+1	1.747591E+0
1.460000E+1	1.757971E+0
1.480000E+1	1.810354E+0
1.500000E+1	1.750422E+0
1.520000E+1	1.661114E+0
1.540000E+1	1.216736E+0
1.560000E+1	1.207660E+0
1.580000E+1	1.149073E+0
1.600000E+1	9.203370E-1
1.620000E+1	1.087313E+0
1.640000E+1	8.872432E-1
1.660000E+1	1.001175E+0
1.680000E+1	8.258486E-1
1.700000E+1	8.313911E-1
1.720000E+1	5.743560E-1
1.740000E+1	5.610427E-1
1.760000E+1	4.428020E-1
1.780000E+1	4.593885E-1
1.800000E+1	6.670956E-1
1.820000E+1	6.850858E-1
1.840000E+1	7.514743E-1
1.860000E+1	5.133655E-1
1.880000E+1	5.413613E-1
1.900000E+1	4.787042E-1
1.920000E+1	4.486065E-1
1.940000E+1	3.818130E-1
1.960000E+1	3.141340E-1
1.980000E+1	5.191196E-1
2.000000E+1	3.044457E-1
2.020000E+1	3.057143E-1
2.040000E+1	2.698799E-1
2.060000E+1	2.123947E-1
2.080000E+1	3.698158E-1
2.100000E+1	3.750851E-1
2.120000E+1	1.454127E-1
2.140000E+1	2.724065E-1
2.160000E+1	3.502230E-1
2.180000E+1	1.546137E-1
2.200000E+1	1.641163E-1
2.220000E+1	3.799437E-1
2.240000E+1	1.131855E-1
2.260000E+1	-4.571980E-2
2.280000E+1	6.869906E-2
2.300000E+1	1.180501E-1
2.320000E+1	2.156030E-1
2.340000E+1	-4.318612E-2
2.360000E+1	1.501845E-1
2.380000E+1	3.571326E-1
2.400000E+1	1.192985E-1
2.420000E+1	5.054174E-2
2.440000E+1	-1.759024E-1
2.460000E+1	6.951069E-2
2.480000E+1	1.095357E-1
2.500000E+1	4.831734E-1
2.520000E+1	3.135329E-1
2.540000E+1	3.030219E-1
2.560000E+1	5.404275E-2
2.580000E+1	-4.128100E-2
2.600000E+1	1.442388E-1
2.620000E+1	1.124228E-1
2.640000E+1	-6.916934E-2
2.660000E+1	-6.180929E-2
2.680000E+1	4.230534E-2
2.700000E+1	1.675250E-1
2.720000E+1	1.183220E-1
2.740000E+1	1.358460E-1
2.760000E+1	2.429981E-1
2.780000E+1	-1.010561E-1
2.800000E+1	1.218119E-1
2.820000E+1	1.851732E-1
2.840000E+1	2.085072E-1
2.860000E+1	2.683469E-1
2.880000E+1	2.061341E-1
2.900000E+1	2.085190E-1
2.920000E+1	1.649633E-1
2.940000E+1	8.624868E-2
2.960000E+1	1.944975E-1
2.980000E+1	2.055169E-1
3.000000E+1	1.705957E-1
3.020000E+1	2.091958E-1
3.040000E+1	1.112838E-1
3.060000E+1	1.669200E-1
3.080000E+1	5.410021E-2
3.100000E+1	2.731206E-1
3.120000E+1	3.201213E-1
3.140000E+1	-5.750260E-2
3.160000E+1	-5.280237E-2
3.180000E+1	2.250959E-1
3.200000E+1	1.804851E-1
3.220000E+1	1.041142E-1
3.240000E+1	5.160171E-2
3.260000E+1	-1.168366E-1
3.280000E+1	-5.891843E-2
3.300000E+1	7.181584E-2
3.320000E+1	1.825472E-1
3.340000E+1	3.405784E-1
3.360000E+1	2.283396E-1
3.380000E+1	2.236727E-1
3.400000E+1	4.587120E-1
3.420000E+1	4.955949E-1
3.440000E+1	2.782287E-1
3.460000E+1	2.681495E-1
3.480000E+1	1.190180E-1
3.500000E+1	3.078787E-1
3.520000E+1	1.866956E-1
3.540000E+1	3.851598E-1
3.560000E+1	1.659599E-1
3.580000E+1	5.751460E-2
3.600000E+1	2.249873E-1
3.620000E+1	3.732183E-1
3.640000E+1	1.064041E-1
3.660000E+1	2.993871E-1
3.680000E+1	2.401459E-1
3.700000E+1	6.821450E-2
3.720000E+1	1.715587E-1
3.740000E+1	9.459612E-2
3.760000E+1	2.064860E-1
3.780000E+1	3.667341E-1
3.800000E+1	4.835525E-1
3.820000E+1	3.318199E-1
3.840000E+1	1.745534E-1
3.860000E+1	1.879458E-1
3.880000E+1	2.333507E-1
3.900000E+1	1.036852E-1
3.920000E+1	-4.027180E-2
3.940000E+1	2.273907E-1
3.960000E+1	1.461860E-1
3.980000E+1	4.415185E-1
