0.000000E+0	5.354719E-2
2.000000E-1	1.774317E-1
4.000000E-1	1.864460E-1
6.000000E-1	1.564450E-2
8.000000E-1	7.743004E-2
1.000000E+0	3.890258E-3
1.200000E+0	1.205804E-1
1.400000E+0	2.630857E-1
1.600000E+0	2.387265E-1
1.800000E+0	1.293844E-1
2.000000E+0	-1.269216E-1
2.200000E+0	-7.138283E-2
2.400000E+0	4.298268E-2
2.600000E+0	9.794593E-2
2.800000E+0	1.852464E-2
3.000000E+0	-4.433509E-2
3.200000E+0	-6.772255E-2
3.400000E+0	3.613651E-3
3.600000E+0	2.482813E-2
3.800000E+0	-3.562913E-2
4.000000E+0	3.117457E-2
4.200000E+0	-1.623143E-1
4.400000E+0	-1.981527E-1
4.600000E+0	-3.376279E-2
4.800000E+0	5.592538E-1
5.000000E+0	9.507210E-1
5.200000E+0	1.447891E+0
5.400000E+0	1.654633E+0
5.600000E+0	1.970373E+0
5.800000E+0	2.210232E+0
6.000000E+0	2.661956E+0
6.200000E+0	2.976725E+0
6.400000E+0	3.213798E+0
6.600000E+0	3.613508E+0
6.800000E+0	4.142112E+0
7.000000E+0	4.496043E+0
7.200000E+0	4.821671E+0
7.400000E+0	5.045442E+0
7.600000E+0	5.394871E+0
7.800000E+0	5.786002E+0
8.000000E+0	6.035656E+0
8.200000E+0	6.423862E+0
8.400000E+0	7.100767E+0
8.600000E+0	7.528277E+0
8.800000E+0	8.216544E+0
9.000000E+0	8.941593E+0
9.200000E+0	9.161405E+0
9.400000E+0	9.731726E+0
9.600000E+0	1.030955E+1
9.800000E+0	1.083016E+1
1.000000E+1	1.124508E+1
1.020000E+1	1.164223E+1
1.040000E+1	1.181434E+1
1.060000E+1	1.212949E+1
1.080000E+1	1.244974E+1
1.100000E+1	1.263718E+1
1.120000E+1	1.250725E+1
1.140000E+1	1.236619E+1
1.160000E+1	1.258304E+1
1.180000E+1	1.264339E+1
1.200000E+1	1.268763E+1
1.220000E+1	1.232048E+1
1.240000E+1	1.233931E+1
1.260000E+1	1.222403E+1
1.280000E+1	1.176920E+1
1.300000E+1	1.160022E+1
1.320000E+1	1.116789E+1
1.340000E+1	1.079167E+1
1.360000E+1	1.022876E+1
1.380000E+1	1.012617E+1
1.400000E+1	9.968711E+0
1.420000E+1	9.470160E+0
1.440000E+1	9.066133E+0
1.460000E+1	8.484901E+0
1.480000E+1	8.173343E+0
1.500000E+1	7.279069E+0
1.520000E+1	6.530497E+0
1.540000E+1	6.021024E+0
1.560000E+1	5.739792E+0
1.580000E+1	5.320544E+0
1.600000E+1	5.086494E+0
1.620000E+1	4.722310E+0
1.640000E+1	4.035208E+0
1.660000E+1	3.860689E+0
1.680000E+1	3.557304E+0
1.700000E+1	3.159623E+0
1.720000E+1	2.798317E+0
1.740000E+1	2.633659E+0
1.760000E+1	2.331338E+0
1.780000E+1	2.226397E+0
1.800000E+1	2.066750E+0
1.820000E+1	2.094949E+0
1.840000E+1	1.981443E+0
1.860000E+1	1.854512E+0
1.880000E+1	1.623546E+0
1.900000E+1	1.487232E+0
1.920000E+1	1.465234E+0
1.940000E+1	1.408299E+0
1.960000E+1	1.521264E+0
1.980000E+1	1.196205E+0
2.000000E+1	1.016197E+0
2.020000E+1	8.896627E-1
2.040000E+1	1.035417E+0
2.060000E+1	6.757896E-1
2.080000E+1	7.319269E-1
2.100000E+1	3.984132E-1
2.120000E+1	4.332225E-1
2.140000E+1	5.993020E-1
2.160000E+1	6.591445E-1
2.180000E+1	3.640655E-1
2.200000E+1	2.986388E-1
2.220000E+1	2.021222E-1
2.240000E+1	1.834398E-1
2.260000E+1	2.701987E-1
2.280000E+1	-3.832134E-2
2.300000E+1	-7.748579E-2
2.320000E+1	1.524516E-1
2.340000E+1	3.043430E-2
2.360000E+1	7.240400E-2
2.380000E+1	-7.683435E-2
2.400000E+1	-9.980744E-2
2.420000E+1	-1.681720E-1
2.440000E+1	-1.421595E-1
2.460000E+1	-8.421254E-2
2.480000E+1	2.838880E-2
2.500000E+1	-1.157710E-1
2.520000E+1	-2.890996E-1
2.540000E+1	-7.100622E-2
2.560000E+1	-2.666384E-1
2.580000E+1	-1.443602E-1
2.600000E+1	-3.851362E-1
2.620000E+1	-5.529433E-1
2.640000E+1	-6.131463E-1
2.660000E+1	-6.346464E-1
2.680000E+1	-3.570624E-1
2.700000E+1	-8.117447E-4
2.720000E+1	-1.261185E-1
2.740000E+1	-5.928333E-1
2.760000E+1	-5.930553E-1
2.780000E+1	-4.770906E-1
2.800000E+1	-3.884790E-1
2.820000E+1	-1.991765E-1
2.840000E+1	-4.494197E-1
2.860000E+1	-4.028026E-1
2.880000E+1	-3.805905E-1
2.900000E+1	-4.919433E-1
2.920000E+1	-8.550175E-1
2.940000E+1	-7.169038E-1
2.960000E+1	-7.278250E-1
2.980000E+1	-7.007927E-1
3.000000E+1	-3.831029E-1
3.020000E+1	-7.245927E-1
3.040000E+1	-7.517027E-1
3.060000E+1	-7.414283E-1
3.080000E+1	-8.644675E-1
3.100000E+1	-6.394562E-1
3.120000E+1	-7.199997E-1
3.140000E+1	-5.910918E-1
3.160000E+1	-5.476183E-1
3.180000E+1	-5.095287E-1
3.200000E+1	-3.487527E-1
3.220000E+1	-3.370079E-1
3.240000E+1	-7.603604E-1
3.260000E+1	-1.020695E+0
3.280000E+1	-1.077644E+0
3.300000E+1	-1.192430E+0
3.320000E+1	-1.089784E+0
3.340000E+1	-1.010424E+0
3.360000E+1	-9.689284E-1
3.380000E+1	-9.680127E-1
3.400000E+1	-7.467129E-1
3.420000E+1	-6.199125E-1
3.440000E+1	-5.751358E-1
3.460000E+1	-4.740674E-1
3.480000E+1	-6.307503E-1
3.500000E+1	-7.206733E-1
3.520000E+1	-7.290833E-1
3.540000E+1	-5.909146E-1
3.560000E+1	-6.385091E-1
3.580000E+1	-8.452112E-1
3.600000E+1	-1.058884E+0
3.620000E+1	-1.140172E+0
3.640000E+1	-9.527672E-1
3.660000E+1	-1.055550E+0
3.680000E+1	-1.129030E+0
3.700000E+1	-9.775167E-1
3.720000E+1	-9.576478E-1
3.740000E+1	-8.119766E-1
3.760000E+1	-9.193780E-1
3.780000E+1	-1.170509E+0
3.800000E+1	-1.288035E+0
3.820000E+1	-1.312311E+0
3.840000E+1	-1.171510E+0
3.860000E+1	-1.081699E+0
3.880000E+1	-1.170064E+0
3.900000E+1	-1.310014E+0
3.920000E+1	-1.245630E+0
3.940000E+1	-1.139747E+0
3.960000E+1	-8.843537E-1
3.980000E+1	-8.673451E-1
