0.000000E+00	-3.403000E-03
2.000000E-01	-4.274000E-03
4.000000E-01	-3.775000E-03
6.000000E-01	-3.002000E-03
8.000000E-01	-1.616000E-03
1.000000E+00	-2.021000E-03
1.200000E+00	-1.861000E-03
1.400000E+00	-2.420000E-03
1.600000E+00	2.543000E-03
1.800000E+00	1.102000E-03
2.000000E+00	2.362000E-03
2.200000E+00	6.980000E-04
2.400000E+00	1.604000E-03
2.600000E+00	-3.010000E-04
2.800000E+00	-1.935000E-03
3.000000E+00	-2.033000E-03
3.200000E+00	-1.621000E-03
3.400000E+00	-6.035000E-03
3.600000E+00	-8.345000E-03
3.800000E+00	-7.734000E-03
4.000000E+00	-3.883000E-03
4.200000E+00	1.900000E-05
4.400000E+00	-1.840000E-03
4.600000E+00	-4.646000E-03
4.800000E+00	-8.900000E-03
5.000000E+00	-6.740000E-04
5.200000E+00	7.815000E-03
5.400000E+00	2.343700E-02
5.600000E+00	3.555300E-02
5.800000E+00	4.695600E-02
6.000000E+00	5.712200E-02
6.200000E+00	7.064500E-02
6.400000E+00	8.360800E-02
6.600000E+00	9.945000E-02
6.800000E+00	1.184650E-01
7.000000E+00	1.323310E-01
7.200000E+00	1.517480E-01
7.400000E+00	1.660400E-01
7.600000E+00	1.774540E-01
7.800000E+00	1.860860E-01
8.000000E+00	1.968850E-01
8.200000E+00	2.082520E-01
8.400000E+00	2.161830E-01
8.600000E+00	2.258630E-01
8.800000E+00	2.345720E-01
9.000000E+00	2.463770E-01
9.200000E+00	2.536190E-01
9.400000E+00	2.593890E-01
9.600000E+00	2.628000E-01
9.800000E+00	2.669510E-01
1.000000E+01	2.744120E-01
1.020000E+01	2.803750E-01
1.040000E+01	2.850650E-01
1.060000E+01	2.826130E-01
1.080000E+01	2.791310E-01
1.100000E+01	2.808500E-01
1.120000E+01	2.876940E-01
1.140000E+01	2.933700E-01
1.160000E+01	2.975300E-01
1.180000E+01	2.987190E-01
1.200000E+01	3.000670E-01
1.220000E+01	3.019640E-01
1.240000E+01	3.029030E-01
1.260000E+01	3.046690E-01
1.280000E+01	3.055010E-01
1.300000E+01	3.085010E-01
1.320000E+01	3.124720E-01
1.340000E+01	3.101230E-01
1.360000E+01	3.076010E-01
1.380000E+01	3.050300E-01
1.400000E+01	3.068700E-01
1.420000E+01	3.074580E-01
1.440000E+01	3.093780E-01
1.460000E+01	3.085180E-01
1.480000E+01	3.057220E-01
1.500000E+01	2.991130E-01
1.520000E+01	2.883590E-01
1.540000E+01	2.811080E-01
1.560000E+01	2.724990E-01
1.580000E+01	2.657770E-01
1.600000E+01	2.605160E-01
1.620000E+01	2.471830E-01
1.640000E+01	2.399340E-01
1.660000E+01	2.378500E-01
1.680000E+01	2.339490E-01
1.700000E+01	2.272520E-01
1.720000E+01	2.183740E-01
1.740000E+01	2.084440E-01
1.760000E+01	2.023930E-01
1.780000E+01	1.980250E-01
1.800000E+01	1.937400E-01
1.820000E+01	1.928190E-01
1.840000E+01	1.895910E-01
1.860000E+01	1.840000E-01
1.880000E+01	1.777210E-01
1.900000E+01	1.737470E-01
1.920000E+01	1.677860E-01
1.940000E+01	1.630280E-01
1.960000E+01	1.583940E-01
1.980000E+01	1.545000E-01
2.000000E+01	1.513050E-01
2.020000E+01	1.523080E-01
2.040000E+01	1.488940E-01
2.060000E+01	1.460530E-01
2.080000E+01	1.414260E-01
2.100000E+01	1.369880E-01
2.120000E+01	1.328570E-01
2.140000E+01	1.283520E-01
2.160000E+01	1.234280E-01
2.180000E+01	1.196680E-01
2.200000E+01	1.174360E-01
2.220000E+01	1.164580E-01
2.240000E+01	1.137020E-01
2.260000E+01	1.106870E-01
2.280000E+01	1.084180E-01
2.300000E+01	1.083790E-01
2.320000E+01	1.080110E-01
2.340000E+01	1.044960E-01
2.360000E+01	1.020780E-01
2.380000E+01	9.631100E-02
2.400000E+01	9.341900E-02
2.420000E+01	8.860200E-02
2.440000E+01	8.618000E-02
2.460000E+01	8.378700E-02
2.480000E+01	8.171700E-02
2.500000E+01	7.715100E-02
2.520000E+01	7.253900E-02
2.540000E+01	6.934000E-02
2.560000E+01	6.740800E-02
2.580000E+01	6.447900E-02
2.600000E+01	6.122800E-02
2.620000E+01	5.776100E-02
2.640000E+01	5.785000E-02
2.660000E+01	5.825200E-02
2.680000E+01	5.692500E-02
2.700000E+01	5.287900E-02
2.720000E+01	5.009200E-02
2.740000E+01	4.582400E-02
2.760000E+01	4.496500E-02
2.780000E+01	4.209100E-02
2.800000E+01	4.083200E-02
2.820000E+01	3.915700E-02
2.840000E+01	3.971500E-02
2.860000E+01	3.923500E-02
2.880000E+01	3.679600E-02
2.900000E+01	3.177900E-02
2.920000E+01	3.153600E-02
2.940000E+01	2.974900E-02
2.960000E+01	2.973000E-02
2.980000E+01	2.763200E-02
3.000000E+01	2.687700E-02
3.020000E+01	2.417600E-02
3.040000E+01	2.200200E-02
3.060000E+01	1.872800E-02
3.080000E+01	1.813800E-02
3.100000E+01	1.856500E-02
3.120000E+01	1.853200E-02
3.140000E+01	1.916200E-02
3.160000E+01	1.838800E-02
3.180000E+01	1.818700E-02
3.200000E+01	1.599500E-02
3.220000E+01	1.463800E-02
3.240000E+01	1.088400E-02
3.260000E+01	9.713000E-03
3.280000E+01	7.365000E-03
3.300000E+01	1.125200E-02
3.320000E+01	1.579400E-02
3.340000E+01	1.972000E-02
3.360000E+01	1.663200E-02
3.380000E+01	1.098800E-02
3.400000E+01	6.132000E-03
3.420000E+01	7.558000E-03
3.440000E+01	7.785000E-03
3.460000E+01	9.971000E-03
3.480000E+01	1.012300E-02
3.500000E+01	1.102800E-02
3.520000E+01	9.925000E-03
3.540000E+01	8.083000E-03
3.560000E+01	6.169000E-03
3.580000E+01	4.956000E-03
3.600000E+01	4.509000E-03
3.620000E+01	3.424000E-03
3.640000E+01	5.245000E-03
3.660000E+01	3.006000E-03
3.680000E+01	1.107000E-03
3.700000E+01	-5.297000E-03
3.720000E+01	-5.408000E-03
3.740000E+01	-4.117000E-03
3.760000E+01	9.900000E-05
3.780000E+01	-1.284000E-03
3.800000E+01	-1.811000E-03
3.820000E+01	-5.178000E-03
3.840000E+01	-2.238000E-03
3.860000E+01	-2.308000E-03
3.880000E+01	-3.202000E-03
3.900000E+01	-4.975000E-03
3.920000E+01	-5.689000E-03
3.940000E+01	-5.015000E-03
3.960000E+01	-4.902000E-03
3.980000E+01	-6.042000E-03
