0.000000E+0	-1.141806E-1
2.000000E-1	-8.993501E-2
4.000000E-1	-3.560383E-2
6.000000E-1	-2.132866E-2
8.000000E-1	4.768581E-2
1.000000E+0	-1.058753E-1
1.200000E+0	-8.150828E-2
1.400000E+0	-4.109814E-2
1.600000E+0	6.293426E-2
1.800000E+0	1.635666E-1
2.000000E+0	4.920124E-2
2.200000E+0	-3.797378E-2
2.400000E+0	-9.571069E-2
2.600000E+0	-4.547085E-2
2.800000E+0	9.903445E-2
3.000000E+0	1.010073E-1
3.200000E+0	1.750182E-1
3.400000E+0	1.021853E-1
3.600000E+0	1.310000E-1
3.800000E+0	2.565172E-1
4.000000E+0	3.418577E-1
4.200000E+0	2.597687E-1
4.400000E+0	8.929209E-2
4.600000E+0	-2.024513E-2
4.800000E+0	7.085284E-2
5.000000E+0	-3.643419E-2
5.200000E+0	-1.532959E-1
5.400000E+0	-2.168544E-1
5.600000E+0	-1.782450E-1
5.800000E+0	2.908779E-2
6.000000E+0	-2.818667E-2
6.200000E+0	-2.335469E-1
6.400000E+0	-3.597333E-1
6.600000E+0	-3.894030E-1
6.800000E+0	-1.634228E-1
7.000000E+0	-1.521237E-1
7.200000E+0	-1.186291E-1
7.400000E+0	-2.849020E-1
7.600000E+0	-2.336787E-1
7.800000E+0	-1.268013E-1
8.000000E+0	-1.738125E-1
8.200000E+0	-1.938951E-1
8.400000E+0	-2.125046E-1
8.600000E+0	-1.741839E-1
8.800000E+0	-4.026154E-2
9.000000E+0	-9.793152E-2
9.200000E+0	-1.170497E-1
9.400000E+0	-1.083401E-1
9.600000E+0	2.810965E-2
9.800000E+0	1.279842E-1
1.000000E+1	8.226746E-2
1.020000E+1	3.598639E-3
1.040000E+1	4.818776E-2
1.060000E+1	1.078700E-1
1.080000E+1	2.029932E-1
1.100000E+1	7.085737E-2
1.120000E+1	1.109743E-1
1.140000E+1	2.174558E-1
1.160000E+1	2.932001E-1
1.180000E+1	4.485312E-1
1.200000E+1	3.198033E-1
1.220000E+1	2.532574E-1
1.240000E+1	2.548429E-1
1.260000E+1	2.934754E-1
1.280000E+1	4.421701E-1
1.300000E+1	3.100607E-1
1.320000E+1	2.852721E-1
1.340000E+1	3.661757E-1
1.360000E+1	5.137805E-1
1.380000E+1	6.339500E-1
1.400000E+1	5.816822E-1
1.420000E+1	4.775203E-1
1.440000E+1	3.369693E-1
1.460000E+1	3.883210E-1
1.480000E+1	5.570225E-1
1.500000E+1	4.934401E-1
1.520000E+1	4.712019E-1
1.540000E+1	4.692425E-1
1.560000E+1	4.001880E-1
1.580000E+1	5.115357E-1
1.600000E+1	4.001016E-1
1.620000E+1	4.477056E-1
1.640000E+1	5.176901E-1
1.660000E+1	6.299629E-1
1.680000E+1	7.228641E-1
1.700000E+1	6.636592E-1
1.720000E+1	5.931733E-1
1.740000E+1	5.307223E-1
1.760000E+1	5.121290E-1
1.780000E+1	6.032581E-1
1.800000E+1	5.390032E-1
1.820000E+1	4.230994E-1
1.840000E+1	3.777414E-1
1.860000E+1	3.529655E-1
1.880000E+1	4.681528E-1
1.900000E+1	2.886006E-1
1.920000E+1	2.212537E-1
1.940000E+1	3.188470E-1
1.960000E+1	4.363495E-1
1.980000E+1	5.886032E-1
2.000000E+1	4.233159E-1
2.020000E+1	3.455150E-1
2.040000E+1	4.026661E-1
2.060000E+1	5.093495E-1
2.080000E+1	5.539398E-1
2.100000E+1	5.039131E-1
2.120000E+1	4.424229E-1
2.140000E+1	4.440396E-1
2.160000E+1	3.729427E-1
2.180000E+1	4.654032E-1
2.200000E+1	3.783371E-1
2.220000E+1	4.023149E-1
2.240000E+1	2.406309E-1
2.260000E+1	3.321398E-1
2.280000E+1	3.735233E-1
2.300000E+1	3.088111E-1
2.320000E+1	3.204439E-1
2.340000E+1	3.335368E-1
2.360000E+1	2.715464E-1
2.380000E+1	2.360738E-1
2.400000E+1	2.116486E-1
2.420000E+1	2.385717E-1
2.440000E+1	1.806292E-1
2.460000E+1	1.392482E-1
2.480000E+1	1.183517E-1
2.500000E+1	1.457145E-1
2.520000E+1	1.513432E-1
2.540000E+1	1.837331E-1
2.560000E+1	1.936501E-1
2.580000E+1	1.944794E-1
2.600000E+1	-6.387320E-3
2.620000E+1	-1.357603E-3
2.640000E+1	2.159942E-2
2.660000E+1	1.086160E-1
2.680000E+1	1.910991E-1
2.700000E+1	1.316678E-1
2.720000E+1	8.564083E-2
2.740000E+1	1.007383E-1
2.760000E+1	1.594124E-1
2.780000E+1	2.946749E-1
2.800000E+1	1.668786E-1
2.820000E+1	1.133548E-1
2.840000E+1	9.263562E-2
2.860000E+1	2.323933E-1
2.880000E+1	2.545631E-1
2.900000E+1	1.347743E-1
2.920000E+1	1.439426E-2
2.940000E+1	2.759555E-2
2.960000E+1	1.623327E-2
2.980000E+1	1.086237E-1
3.000000E+1	1.301105E-1
3.020000E+1	1.271684E-1
3.040000E+1	1.025019E-1
3.060000E+1	7.553188E-2
3.080000E+1	1.068865E-1
3.100000E+1	1.062543E-1
3.120000E+1	6.874559E-2
3.140000E+1	1.523542E-1
3.160000E+1	4.628800E-2
3.180000E+1	1.248497E-2
3.200000E+1	-4.425166E-2
3.220000E+1	1.134639E-1
3.240000E+1	1.430898E-1
3.260000E+1	2.235856E-1
3.280000E+1	2.406939E-2
3.300000E+1	2.320397E-2
3.320000E+1	6.435686E-2
3.340000E+1	1.826774E-1
3.360000E+1	1.800798E-1
3.380000E+1	1.564261E-1
3.400000E+1	9.720466E-2
3.420000E+1	1.417450E-2
3.440000E+1	-2.733104E-2
3.460000E+1	5.115451E-2
3.480000E+1	1.001576E-1
3.500000E+1	2.592191E-1
3.520000E+1	1.622687E-1
3.540000E+1	1.356604E-1
3.560000E+1	1.817171E-1
3.580000E+1	2.299987E-1
3.600000E+1	7.748232E-2
3.620000E+1	1.678860E-2
3.640000E+1	-2.802292E-2
3.660000E+1	1.732560E-1
3.680000E+1	1.943534E-1
3.700000E+1	8.025526E-2
3.720000E+1	-3.654139E-2
3.740000E+1	-1.455772E-2
3.760000E+1	8.692796E-2
3.780000E+1	2.360782E-1
3.800000E+1	2.177784E-1
3.820000E+1	1.253852E-1
3.840000E+1	2.131102E-2
3.860000E+1	-4.712783E-2
3.880000E+1	-1.074692E-1
3.900000E+1	-4.700986E-2
3.920000E+1	-1.824917E-2
3.940000E+1	6.560556E-2
3.960000E+1	1.141098E-1
3.980000E+1	1.392156E-1
