0.000000E+0	3.688805E-1
2.000000E-1	3.862301E-1
4.000000E-1	3.566638E-1
6.000000E-1	3.222043E-1
8.000000E-1	3.061125E-1
1.000000E+0	3.275259E-1
1.200000E+0	2.425582E-1
1.400000E+0	1.672112E-1
1.600000E+0	1.656680E-1
1.800000E+0	2.610460E-1
2.000000E+0	2.768636E-1
2.200000E+0	2.724441E-1
2.400000E+0	2.439679E-1
2.600000E+0	1.520360E-1
2.800000E+0	1.035987E-1
3.000000E+0	3.108580E-3
3.200000E+0	4.092889E-2
3.400000E+0	-4.163355E-2
3.600000E+0	-7.623147E-2
3.800000E+0	-7.102573E-2
4.000000E+0	1.725147E-2
4.200000E+0	7.590426E-2
4.400000E+0	8.101315E-2
4.600000E+0	5.293703E-2
4.800000E+0	-2.927355E-3
5.000000E+0	-2.616316E-2
5.200000E+0	-9.124655E-3
5.400000E+0	-6.626949E-2
5.600000E+0	-6.357237E-2
5.800000E+0	-1.657285E-1
6.000000E+0	-1.370128E-1
6.200000E+0	-9.917241E-2
6.400000E+0	8.958692E-2
6.600000E+0	1.459210E-1
6.800000E+0	2.673976E-1
7.000000E+0	3.307076E-1
7.200000E+0	3.676137E-1
7.400000E+0	4.264064E-1
7.600000E+0	6.074262E-1
7.800000E+0	8.603556E-1
8.000000E+0	1.056825E+0
8.200000E+0	1.194150E+0
8.400000E+0	1.309218E+0
8.600000E+0	1.447291E+0
8.800000E+0	1.672696E+0
9.000000E+0	1.753754E+0
9.200000E+0	1.851480E+0
9.400000E+0	1.889796E+0
9.600000E+0	2.011766E+0
9.800000E+0	2.033084E+0
1.000000E+1	2.110589E+0
1.020000E+1	2.065264E+0
1.040000E+1	2.169164E+0
1.060000E+1	2.243371E+0
1.080000E+1	2.275739E+0
1.100000E+1	2.232598E+0
1.120000E+1	2.092558E+0
1.140000E+1	2.114517E+0
1.160000E+1	2.230334E+0
1.180000E+1	2.270421E+0
1.200000E+1	2.260732E+0
1.220000E+1	2.247808E+0
1.240000E+1	2.252119E+0
1.260000E+1	2.229435E+0
1.280000E+1	2.215733E+0
1.300000E+1	2.200324E+0
1.320000E+1	2.234917E+0
1.340000E+1	2.383089E+0
1.360000E+1	2.438122E+0
1.380000E+1	2.500469E+0
1.400000E+1	2.511267E+0
1.420000E+1	2.417812E+0
1.440000E+1	2.414450E+0
1.460000E+1	2.484838E+0
1.480000E+1	2.492428E+0
1.500000E+1	2.365844E+0
1.520000E+1	2.159860E+0
1.540000E+1	1.970065E+0
1.560000E+1	1.908996E+0
1.580000E+1	1.975702E+0
1.600000E+1	1.959787E+0
1.620000E+1	1.977739E+0
1.640000E+1	1.971575E+0
1.660000E+1	1.902064E+0
1.680000E+1	1.958195E+0
1.700000E+1	1.962701E+0
1.720000E+1	2.088517E+0
1.740000E+1	2.029108E+0
1.760000E+1	1.953313E+0
1.780000E+1	1.815368E+0
1.800000E+1	1.729490E+0
1.820000E+1	1.569865E+0
1.840000E+1	1.409179E+0
1.860000E+1	1.376096E+0
1.880000E+1	1.369611E+0
1.900000E+1	1.377699E+0
1.920000E+1	1.476626E+0
1.940000E+1	1.503839E+0
1.960000E+1	1.501375E+0
1.980000E+1	1.342204E+0
2.000000E+1	1.172937E+0
2.020000E+1	1.054123E+0
2.040000E+1	1.096690E+0
2.060000E+1	1.053479E+0
2.080000E+1	1.049313E+0
2.100000E+1	9.172860E-1
2.120000E+1	8.495642E-1
2.140000E+1	7.893169E-1
2.160000E+1	9.411605E-1
2.180000E+1	1.009961E+0
2.200000E+1	9.855393E-1
2.220000E+1	8.044726E-1
2.240000E+1	7.053582E-1
2.260000E+1	7.385223E-1
2.280000E+1	7.661191E-1
2.300000E+1	7.531302E-1
2.320000E+1	7.050465E-1
2.340000E+1	6.912929E-1
2.360000E+1	6.436539E-1
2.380000E+1	6.519119E-1
2.400000E+1	5.509789E-1
2.420000E+1	5.841345E-1
2.440000E+1	5.506457E-1
2.460000E+1	5.642075E-1
2.480000E+1	4.710651E-1
2.500000E+1	4.541947E-1
2.520000E+1	4.117614E-1
2.540000E+1	4.284226E-1
2.560000E+1	4.001281E-1
2.580000E+1	4.798727E-1
2.600000E+1	4.626715E-1
2.620000E+1	4.302512E-1
2.640000E+1	3.528898E-1
2.660000E+1	3.628120E-1
2.680000E+1	4.301721E-1
2.700000E+1	4.415267E-1
2.720000E+1	3.982132E-1
2.740000E+1	3.308441E-1
2.760000E+1	2.542061E-1
2.780000E+1	2.235048E-1
2.800000E+1	1.879007E-1
2.820000E+1	1.619081E-1
2.840000E+1	1.117481E-1
2.860000E+1	9.798925E-2
2.880000E+1	1.596277E-1
2.900000E+1	2.423848E-1
2.920000E+1	2.005653E-1
2.940000E+1	1.642558E-1
2.960000E+1	2.046535E-1
2.980000E+1	2.422944E-1
3.000000E+1	2.300454E-1
3.020000E+1	1.586850E-1
3.040000E+1	9.323780E-2
3.060000E+1	5.228484E-2
3.080000E+1	9.368545E-2
3.100000E+1	1.182540E-2
3.120000E+1	-4.285121E-2
3.140000E+1	-1.275908E-1
3.160000E+1	-1.709338E-1
3.180000E+1	-1.758086E-1
3.200000E+1	-1.365474E-1
3.220000E+1	-6.479897E-2
3.240000E+1	-5.801242E-2
3.260000E+1	3.197655E-2
3.280000E+1	2.499990E-2
3.300000E+1	7.274793E-2
3.320000E+1	9.801503E-4
3.340000E+1	1.410608E-2
3.360000E+1	-6.898441E-2
3.380000E+1	-1.052926E-1
3.400000E+1	-2.356886E-1
3.420000E+1	-1.584346E-1
3.440000E+1	-1.187561E-1
3.460000E+1	-6.070294E-2
3.480000E+1	-5.867403E-2
3.500000E+1	-1.442570E-1
3.520000E+1	-2.160791E-1
3.540000E+1	-2.825961E-1
3.560000E+1	-7.905250E-2
3.580000E+1	9.982558E-3
3.600000E+1	8.423527E-2
3.620000E+1	-2.335158E-2
3.640000E+1	-6.442337E-2
3.660000E+1	-1.467560E-1
3.680000E+1	-9.190029E-2
3.700000E+1	-8.699269E-2
3.720000E+1	-6.230857E-2
3.740000E+1	-1.104534E-1
3.760000E+1	-6.139390E-2
3.780000E+1	3.735496E-2
3.800000E+1	1.237121E-1
3.820000E+1	7.380850E-2
3.840000E+1	-2.388383E-3
3.860000E+1	-5.174377E-2
3.880000E+1	-3.154464E-2
3.900000E+1	3.530658E-2
3.920000E+1	-8.396940E-2
3.940000E+1	-7.463407E-2
3.960000E+1	-4.410894E-2
3.980000E+1	5.179309E-2
