0.000000E+0	-4.209333E-2
2.000000E-1	-2.068595E-1
4.000000E-1	5.718083E-2
6.000000E-1	-2.318818E-1
8.000000E-1	-1.314588E-1
1.000000E+0	1.474211E-1
1.200000E+0	2.396948E-1
1.400000E+0	-9.473277E-3
1.600000E+0	1.428819E-1
1.800000E+0	-2.054361E-1
2.000000E+0	-5.236101E-1
2.200000E+0	-3.747285E-2
2.400000E+0	-7.946703E-2
2.600000E+0	-1.775127E-1
2.800000E+0	-6.127996E-2
3.000000E+0	-5.199334E-2
3.200000E+0	-6.993752E-2
3.400000E+0	-7.991350E-2
3.600000E+0	3.226580E-1
3.800000E+0	2.487680E-1
4.000000E+0	-1.384910E-2
4.200000E+0	-8.585543E-2
4.400000E+0	-1.699358E-1
4.600000E+0	-1.829168E-1
4.800000E+0	-3.081713E-1
5.000000E+0	1.283541E-1
5.200000E+0	-5.826981E-2
5.400000E+0	5.083299E-2
5.600000E+0	4.765646E-1
5.800000E+0	3.396033E-1
6.000000E+0	-3.350660E-1
6.200000E+0	1.245900E-2
6.400000E+0	3.091006E-1
6.600000E+0	4.127815E-1
6.800000E+0	5.429200E-1
7.000000E+0	5.236420E-1
7.200000E+0	3.710419E-1
7.400000E+0	-1.656542E-1
7.600000E+0	6.124807E-1
7.800000E+0	5.050475E-1
8.000000E+0	5.916475E-1
8.200000E+0	7.341132E-1
8.400000E+0	9.113428E-1
8.600000E+0	1.003504E+0
8.800000E+0	6.664094E-1
9.000000E+0	1.074317E+0
9.200000E+0	9.552070E-1
9.400000E+0	8.839098E-1
9.600000E+0	5.931987E-1
9.800000E+0	1.088684E+0
1.000000E+1	1.225578E+0
1.020000E+1	1.107086E+0
1.040000E+1	1.022431E+0
1.060000E+1	1.165997E+0
1.080000E+1	1.192103E+0
1.100000E+1	1.062694E+0
1.120000E+1	9.113402E-1
1.140000E+1	1.290327E+0
1.160000E+1	1.542718E+0
1.180000E+1	1.714479E+0
1.200000E+1	1.808985E+0
1.220000E+1	1.779229E+0
1.240000E+1	1.596612E+0
1.260000E+1	1.986962E+0
1.280000E+1	2.081006E+0
1.300000E+1	1.800178E+0
1.320000E+1	1.688574E+0
1.340000E+1	1.659243E+0
1.360000E+1	1.851278E+0
1.380000E+1	1.996586E+0
1.400000E+1	1.633116E+0
1.420000E+1	1.693298E+0
1.440000E+1	1.729678E+0
1.460000E+1	2.013764E+0
1.480000E+1	2.211646E+0
1.500000E+1	2.414971E+0
1.520000E+1	2.363876E+0
1.540000E+1	2.240227E+0
1.560000E+1	1.992415E+0
1.580000E+1	1.951265E+0
1.600000E+1	2.117221E+0
1.620000E+1	1.949656E+0
1.640000E+1	1.845044E+0
1.660000E+1	1.947360E+0
1.680000E+1	1.619739E+0
1.700000E+1	1.515450E+0
1.720000E+1	1.511138E+0
1.740000E+1	1.508928E+0
1.760000E+1	1.584068E+0
1.780000E+1	1.485441E+0
1.800000E+1	1.443874E+0
1.820000E+1	1.210495E+0
1.840000E+1	1.282186E+0
1.860000E+1	1.413864E+0
1.880000E+1	1.349245E+0
1.900000E+1	1.519427E+0
1.920000E+1	1.326720E+0
1.940000E+1	1.328268E+0
1.960000E+1	1.151787E+0
1.980000E+1	1.261221E+0
2.000000E+1	1.080093E+0
2.020000E+1	1.084922E+0
2.040000E+1	9.144555E-1
2.060000E+1	1.040044E+0
2.080000E+1	1.108371E+0
2.100000E+1	1.067245E+0
2.120000E+1	1.179332E+0
2.140000E+1	9.476726E-1
2.160000E+1	1.205566E+0
2.180000E+1	1.222287E+0
2.200000E+1	9.608688E-1
2.220000E+1	8.333801E-1
2.240000E+1	8.974054E-1
2.260000E+1	8.911198E-1
2.280000E+1	9.787768E-1
2.300000E+1	8.406040E-1
2.320000E+1	9.044428E-1
2.340000E+1	7.951747E-1
2.360000E+1	8.379692E-1
2.380000E+1	9.107813E-1
2.400000E+1	7.092483E-1
2.420000E+1	6.277332E-1
2.440000E+1	6.847732E-1
2.460000E+1	7.273978E-1
2.480000E+1	1.064267E+0
2.500000E+1	9.083573E-1
2.520000E+1	7.994325E-1
2.540000E+1	5.736457E-1
2.560000E+1	6.827562E-1
2.580000E+1	6.553794E-1
2.600000E+1	6.364735E-1
2.620000E+1	8.287340E-1
2.640000E+1	4.375746E-1
2.660000E+1	4.946009E-1
2.680000E+1	3.628678E-1
2.700000E+1	4.936238E-1
2.720000E+1	5.485266E-1
2.740000E+1	5.476541E-1
2.760000E+1	4.288235E-1
2.780000E+1	-3.521161E-2
2.800000E+1	5.049955E-2
2.820000E+1	4.643023E-1
2.840000E+1	3.388548E-1
2.860000E+1	4.592298E-1
2.880000E+1	6.731115E-1
2.900000E+1	4.220197E-1
2.920000E+1	3.833135E-1
2.940000E+1	1.490811E-1
2.960000E+1	2.858533E-1
2.980000E+1	5.714811E-1
3.000000E+1	3.036592E-1
3.020000E+1	4.346323E-1
3.040000E+1	4.737055E-1
3.060000E+1	4.941528E-1
3.080000E+1	4.938389E-1
3.100000E+1	5.626499E-1
3.120000E+1	2.948771E-1
3.140000E+1	3.643864E-1
3.160000E+1	4.712855E-1
3.180000E+1	4.453323E-1
3.200000E+1	5.104488E-1
3.220000E+1	1.804109E-1
3.240000E+1	-1.630196E-1
3.260000E+1	-5.767977E-1
3.280000E+1	5.682140E-1
3.300000E+1	4.401955E-1
3.320000E+1	2.025388E-1
3.340000E+1	2.164758E-1
3.360000E+1	2.187964E-1
3.380000E+1	3.780326E-1
3.400000E+1	5.819458E-1
3.420000E+1	1.879678E-1
3.440000E+1	2.705769E-1
3.460000E+1	4.848153E-1
3.480000E+1	5.987388E-1
3.500000E+1	1.067923E-1
3.520000E+1	1.466143E-1
3.540000E+1	1.451633E-1
3.560000E+1	3.013035E-1
3.580000E+1	2.193056E-1
3.600000E+1	8.771784E-2
3.620000E+1	1.470618E-1
3.640000E+1	-1.794913E-1
3.660000E+1	4.191625E-2
3.680000E+1	6.037766E-2
3.700000E+1	2.357145E-2
3.720000E+1	-5.926447E-2
3.740000E+1	-7.265771E-2
3.760000E+1	2.883859E-1
3.780000E+1	1.021810E-1
3.800000E+1	2.476198E-2
3.820000E+1	-5.290150E-2
3.840000E+1	-1.083435E-1
3.860000E+1	1.356718E-1
3.880000E+1	6.800393E-2
3.900000E+1	-1.465320E-1
3.920000E+1	1.099281E-1
3.940000E+1	4.571768E-2
3.960000E+1	-1.276298E-1
3.980000E+1	-3.360933E-2
