0.000000E+0	3.210282E-2
2.000000E-1	5.138393E-2
4.000000E-1	3.641803E-2
6.000000E-1	-3.680662E-2
8.000000E-1	4.651385E-2
1.000000E+0	6.145880E-3
1.200000E+0	5.763129E-3
1.400000E+0	-1.956085E-2
1.600000E+0	1.922394E-3
1.800000E+0	1.290806E-3
2.000000E+0	-9.307055E-2
2.200000E+0	-6.551963E-2
2.400000E+0	-1.551932E-1
2.600000E+0	-9.412960E-2
2.800000E+0	-1.847770E-1
3.000000E+0	-1.363714E-1
3.200000E+0	-1.391651E-1
3.400000E+0	-4.721545E-2
3.600000E+0	-4.610932E-2
3.800000E+0	-4.672296E-3
4.000000E+0	-3.382772E-2
4.200000E+0	3.367289E-2
4.400000E+0	6.364058E-2
4.600000E+0	8.444583E-2
4.800000E+0	1.601478E-1
5.000000E+0	2.376527E-1
5.200000E+0	3.103549E-1
5.400000E+0	2.462553E-1
5.600000E+0	1.910141E-1
5.800000E+0	2.033647E-1
6.000000E+0	1.626466E-1
6.200000E+0	1.000905E-1
6.400000E+0	1.160763E-1
6.600000E+0	1.954674E-1
6.800000E+0	2.694942E-1
7.000000E+0	2.018036E-1
7.200000E+0	1.185060E-1
7.400000E+0	9.313777E-2
7.600000E+0	1.744738E-1
7.800000E+0	3.398742E-1
8.000000E+0	4.013556E-1
8.200000E+0	4.807046E-1
8.400000E+0	6.123933E-1
8.600000E+0	5.929158E-1
8.800000E+0	6.524082E-1
9.000000E+0	7.206510E-1
9.200000E+0	1.064867E+0
9.400000E+0	1.380979E+0
9.600000E+0	1.449854E+0
9.800000E+0	1.410791E+0
1.000000E+1	1.276905E+0
1.020000E+1	1.397673E+0
1.040000E+1	1.374152E+0
1.060000E+1	1.442840E+0
1.080000E+1	1.405515E+0
1.100000E+1	1.374425E+0
1.120000E+1	1.342338E+0
1.140000E+1	1.364042E+0
1.160000E+1	1.385981E+0
1.180000E+1	1.444441E+0
1.200000E+1	1.452407E+0
1.220000E+1	1.526795E+0
1.240000E+1	1.447652E+0
1.260000E+1	1.276303E+0
1.280000E+1	1.150110E+0
1.300000E+1	1.043247E+0
1.320000E+1	1.078250E+0
1.340000E+1	1.145473E+0
1.360000E+1	1.377289E+0
1.380000E+1	1.530095E+0
1.400000E+1	1.655900E+0
1.420000E+1	1.654325E+0
1.440000E+1	1.662116E+0
1.460000E+1	1.534888E+0
1.480000E+1	1.505251E+0
1.500000E+1	1.420525E+0
1.520000E+1	1.334060E+0
1.540000E+1	1.166446E+0
1.560000E+1	9.501654E-1
1.580000E+1	7.716408E-1
1.600000E+1	7.666555E-1
1.620000E+1	6.875797E-1
1.640000E+1	6.729566E-1
1.660000E+1	5.656218E-1
1.680000E+1	5.197763E-1
1.700000E+1	4.519585E-1
1.720000E+1	5.049905E-1
1.740000E+1	4.283325E-1
1.760000E+1	4.179641E-1
1.780000E+1	4.070617E-1
1.800000E+1	3.268789E-1
1.820000E+1	2.480508E-1
1.840000E+1	2.175189E-1
1.860000E+1	2.071421E-1
1.880000E+1	1.803007E-1
1.900000E+1	2.001350E-1
1.920000E+1	2.739716E-1
1.940000E+1	3.160169E-1
1.960000E+1	3.111774E-1
1.980000E+1	2.604184E-1
2.000000E+1	2.094316E-1
2.020000E+1	1.819470E-1
2.040000E+1	1.969229E-1
2.060000E+1	2.675196E-1
2.080000E+1	1.879864E-1
2.100000E+1	1.907374E-1
2.120000E+1	1.320214E-1
2.140000E+1	1.302873E-1
2.160000E+1	8.530696E-2
2.180000E+1	2.602493E-2
2.200000E+1	-4.172964E-2
2.220000E+1	-5.669246E-2
2.240000E+1	3.842979E-2
2.260000E+1	1.200464E-1
2.280000E+1	1.800252E-1
2.300000E+1	2.445554E-1
2.320000E+1	2.169410E-1
2.340000E+1	1.625682E-1
2.360000E+1	1.348625E-1
2.380000E+1	1.414486E-1
2.400000E+1	1.744057E-1
2.420000E+1	2.191814E-1
2.440000E+1	3.202593E-1
2.460000E+1	2.305164E-1
2.480000E+1	2.132684E-1
2.500000E+1	2.135791E-1
2.520000E+1	3.185792E-1
2.540000E+1	2.949963E-1
2.560000E+1	2.404013E-1
2.580000E+1	2.102944E-1
2.600000E+1	2.302988E-1
2.620000E+1	2.591675E-1
2.640000E+1	2.770178E-1
2.660000E+1	2.990280E-1
2.680000E+1	2.014489E-1
2.700000E+1	1.788941E-1
2.720000E+1	1.833762E-1
2.740000E+1	1.748709E-1
2.760000E+1	1.302732E-1
2.780000E+1	2.033510E-1
2.800000E+1	3.013020E-1
2.820000E+1	2.626031E-1
2.840000E+1	2.608630E-1
2.860000E+1	1.544840E-1
2.880000E+1	2.281327E-1
2.900000E+1	2.567503E-1
2.920000E+1	2.645391E-1
2.940000E+1	1.916370E-1
2.960000E+1	1.014824E-1
2.980000E+1	5.236212E-2
3.000000E+1	8.789535E-2
3.020000E+1	1.729229E-1
3.040000E+1	1.778212E-1
3.060000E+1	1.581727E-1
3.080000E+1	1.354548E-1
3.100000E+1	1.998191E-1
3.120000E+1	1.977970E-1
3.140000E+1	2.239743E-1
3.160000E+1	1.559783E-1
3.180000E+1	1.581383E-1
3.200000E+1	1.527581E-1
3.220000E+1	2.053698E-1
3.240000E+1	2.252596E-1
3.260000E+1	2.364552E-1
3.280000E+1	2.002451E-1
3.300000E+1	2.135133E-1
3.320000E+1	2.352772E-1
3.340000E+1	2.426306E-1
3.360000E+1	1.379632E-1
3.380000E+1	1.560658E-1
3.400000E+1	1.633971E-1
3.420000E+1	2.326507E-1
3.440000E+1	1.521831E-1
3.460000E+1	2.139285E-1
3.480000E+1	1.884915E-1
3.500000E+1	1.995109E-1
3.520000E+1	2.128381E-1
3.540000E+1	2.892942E-1
3.560000E+1	2.850825E-1
3.580000E+1	2.427602E-1
3.600000E+1	1.648633E-1
3.620000E+1	8.360166E-2
3.640000E+1	7.971869E-2
3.660000E+1	3.914394E-2
3.680000E+1	8.812284E-2
3.700000E+1	1.481412E-1
3.720000E+1	9.634383E-2
3.740000E+1	8.804662E-2
3.760000E+1	6.141696E-2
3.780000E+1	1.158278E-1
3.800000E+1	1.840287E-1
3.820000E+1	2.806032E-1
3.840000E+1	2.537159E-1
3.860000E+1	1.951287E-1
3.880000E+1	8.422193E-2
3.900000E+1	3.744591E-2
3.920000E+1	1.065942E-1
3.940000E+1	2.218685E-1
3.960000E+1	3.452737E-1
3.980000E+1	3.157661E-1
