0.000000E+0	-6.731199E-2
2.000000E-1	-1.833879E-2
4.000000E-1	7.226873E-3
6.000000E-1	-1.789508E-2
8.000000E-1	-5.692490E-3
1.000000E+0	-6.906593E-2
1.200000E+0	-8.029758E-2
1.400000E+0	-6.846667E-2
1.600000E+0	-1.604521E-1
1.800000E+0	-1.903907E-1
2.000000E+0	-2.182482E-1
2.200000E+0	-2.183881E-1
2.400000E+0	-1.205311E-1
2.600000E+0	-2.416603E-2
2.800000E+0	-3.334566E-2
3.000000E+0	-1.827164E-2
3.200000E+0	-3.221592E-2
3.400000E+0	4.459175E-2
3.600000E+0	4.465245E-2
3.800000E+0	1.060156E-1
4.000000E+0	4.679123E-2
4.200000E+0	-1.352069E-2
4.400000E+0	-1.146862E-1
4.600000E+0	-1.317324E-1
4.800000E+0	-1.619820E-1
5.000000E+0	-1.430954E-1
5.200000E+0	-7.293017E-2
5.400000E+0	-3.331903E-2
5.600000E+0	1.309415E-1
5.800000E+0	3.081001E-1
6.000000E+0	4.448079E-1
6.200000E+0	6.920223E-1
6.400000E+0	8.322130E-1
6.600000E+0	1.101735E+0
6.800000E+0	1.450193E+0
7.000000E+0	1.730239E+0
7.200000E+0	2.049569E+0
7.400000E+0	2.261696E+0
7.600000E+0	2.588235E+0
7.800000E+0	2.777802E+0
8.000000E+0	2.858630E+0
8.200000E+0	3.045910E+0
8.400000E+0	3.289257E+0
8.600000E+0	3.571731E+0
8.800000E+0	3.826372E+0
9.000000E+0	4.407782E+0
9.200000E+0	4.770469E+0
9.400000E+0	5.283256E+0
9.600000E+0	5.441891E+0
9.800000E+0	5.702645E+0
1.000000E+1	5.979736E+0
1.020000E+1	6.421698E+0
1.040000E+1	6.817673E+0
1.060000E+1	7.435492E+0
1.080000E+1	7.700160E+0
1.100000E+1	7.625371E+0
1.120000E+1	7.099799E+0
1.140000E+1	6.589608E+0
1.160000E+1	6.387137E+0
1.180000E+1	6.597718E+0
1.200000E+1	7.099796E+0
1.220000E+1	7.591522E+0
1.240000E+1	8.090573E+0
1.260000E+1	8.371499E+0
1.280000E+1	8.630532E+0
1.300000E+1	8.977966E+0
1.320000E+1	9.451143E+0
1.340000E+1	1.021022E+1
1.360000E+1	1.101752E+1
1.380000E+1	1.201841E+1
1.400000E+1	1.323950E+1
1.420000E+1	1.443601E+1
1.440000E+1	1.557744E+1
1.460000E+1	1.671950E+1
1.480000E+1	1.744495E+1
1.500000E+1	1.746509E+1
1.520000E+1	1.665969E+1
1.540000E+1	1.544518E+1
1.560000E+1	1.405334E+1
1.580000E+1	1.272066E+1
1.600000E+1	1.144115E+1
1.620000E+1	1.027662E+1
1.640000E+1	9.183261E+0
1.660000E+1	8.209794E+0
1.680000E+1	7.428265E+0
1.700000E+1	6.808329E+0
1.720000E+1	6.239654E+0
1.740000E+1	5.683946E+0
1.760000E+1	5.211945E+0
1.780000E+1	4.733144E+0
1.800000E+1	4.364822E+0
1.820000E+1	4.015460E+0
1.840000E+1	3.737585E+0
1.860000E+1	3.493960E+0
1.880000E+1	3.250011E+0
1.900000E+1	2.994389E+0
1.920000E+1	2.818506E+0
1.940000E+1	2.656166E+0
1.960000E+1	2.457134E+0
1.980000E+1	2.345382E+0
2.000000E+1	2.228932E+0
2.020000E+1	2.098448E+0
2.040000E+1	2.013170E+0
2.060000E+1	1.893399E+0
2.080000E+1	1.780024E+0
2.100000E+1	1.660854E+0
2.120000E+1	1.640982E+0
2.140000E+1	1.604844E+0
2.160000E+1	1.602393E+0
2.180000E+1	1.517340E+0
2.200000E+1	1.406942E+0
2.220000E+1	1.253739E+0
2.240000E+1	1.165689E+0
2.260000E+1	1.082717E+0
2.280000E+1	1.104860E+0
2.300000E+1	1.157444E+0
2.320000E+1	1.191889E+0
2.340000E+1	1.256643E+0
2.360000E+1	1.219123E+0
2.380000E+1	1.249874E+0
2.400000E+1	1.112836E+0
2.420000E+1	1.015490E+0
2.440000E+1	9.693708E-1
2.460000E+1	9.707149E-1
2.480000E+1	1.002706E+0
2.500000E+1	1.030397E+0
2.520000E+1	1.026472E+0
2.540000E+1	1.047290E+0
2.560000E+1	9.698537E-1
2.580000E+1	9.308195E-1
2.600000E+1	8.334674E-1
2.620000E+1	8.458374E-1
2.640000E+1	8.574734E-1
2.660000E+1	9.168832E-1
2.680000E+1	8.368608E-1
2.700000E+1	8.600462E-1
2.720000E+1	7.606536E-1
2.740000E+1	7.556955E-1
2.760000E+1	7.616568E-1
2.780000E+1	7.788316E-1
2.800000E+1	8.285944E-1
2.820000E+1	8.315474E-1
2.840000E+1	8.478930E-1
2.860000E+1	8.090477E-1
2.880000E+1	7.918048E-1
2.900000E+1	7.968716E-1
2.920000E+1	8.323950E-1
2.940000E+1	8.719636E-1
2.960000E+1	8.577523E-1
2.980000E+1	8.608921E-1
3.000000E+1	8.762133E-1
3.020000E+1	9.163107E-1
3.040000E+1	9.415401E-1
3.060000E+1	9.575310E-1
3.080000E+1	8.251860E-1
3.100000E+1	7.994180E-1
3.120000E+1	7.870520E-1
3.140000E+1	8.714116E-1
3.160000E+1	9.315512E-1
3.180000E+1	9.120718E-1
3.200000E+1	9.289496E-1
3.220000E+1	9.045519E-1
3.240000E+1	7.566238E-1
3.260000E+1	6.876309E-1
3.280000E+1	6.727044E-1
3.300000E+1	6.847085E-1
3.320000E+1	7.387477E-1
3.340000E+1	7.117142E-1
3.360000E+1	7.223941E-1
3.380000E+1	7.307440E-1
3.400000E+1	8.108029E-1
3.420000E+1	8.046676E-1
3.440000E+1	8.559115E-1
3.460000E+1	8.141432E-1
3.480000E+1	8.541970E-1
3.500000E+1	7.854174E-1
3.520000E+1	8.439707E-1
3.540000E+1	8.020951E-1
3.560000E+1	8.734546E-1
3.580000E+1	8.419157E-1
3.600000E+1	7.458421E-1
3.620000E+1	7.114223E-1
3.640000E+1	7.274259E-1
3.660000E+1	8.444447E-1
3.680000E+1	9.150802E-1
3.700000E+1	1.000487E+0
3.720000E+1	1.001031E+0
3.740000E+1	9.172353E-1
3.760000E+1	7.975860E-1
3.780000E+1	7.515950E-1
3.800000E+1	6.978568E-1
3.820000E+1	7.506845E-1
3.840000E+1	6.666299E-1
3.860000E+1	7.745346E-1
3.880000E+1	8.538563E-1
3.900000E+1	8.965564E-1
3.920000E+1	9.329178E-1
3.940000E+1	9.172821E-1
3.960000E+1	9.436795E-1
3.980000E+1	9.948637E-1
