0.000000E+0	3.063608E-2
2.000000E-1	-7.832737E-3
4.000000E-1	5.538892E-3
6.000000E-1	2.541015E-2
8.000000E-1	-4.630847E-2
1.000000E+0	-3.217360E-2
1.200000E+0	-4.851004E-2
1.400000E+0	1.826252E-2
1.600000E+0	-3.630966E-2
1.800000E+0	6.898216E-2
2.000000E+0	5.294079E-2
2.200000E+0	9.482859E-2
2.400000E+0	2.477628E-2
2.600000E+0	7.011753E-2
2.800000E+0	1.806299E-2
3.000000E+0	-6.143025E-3
3.200000E+0	-7.331602E-2
3.400000E+0	-7.214798E-2
3.600000E+0	-8.548727E-2
3.800000E+0	-3.015234E-2
4.000000E+0	4.561188E-2
4.200000E+0	8.577813E-2
4.400000E+0	8.944757E-2
4.600000E+0	4.925283E-2
4.800000E+0	3.878348E-2
5.000000E+0	1.962128E-2
5.200000E+0	1.064914E-1
5.400000E+0	1.159574E-1
5.600000E+0	2.661763E-1
5.800000E+0	4.005850E-1
6.000000E+0	5.297162E-1
6.200000E+0	7.010271E-1
6.400000E+0	7.645939E-1
6.600000E+0	1.077207E+0
6.800000E+0	1.401242E+0
7.000000E+0	1.787556E+0
7.200000E+0	2.070516E+0
7.400000E+0	2.305187E+0
7.600000E+0	2.493607E+0
7.800000E+0	2.665123E+0
8.000000E+0	2.746847E+0
8.200000E+0	2.891778E+0
8.400000E+0	2.963765E+0
8.600000E+0	3.102562E+0
8.800000E+0	3.315285E+0
9.000000E+0	3.706421E+0
9.200000E+0	4.024346E+0
9.400000E+0	4.281888E+0
9.600000E+0	4.388393E+0
9.800000E+0	4.370700E+0
1.000000E+1	4.526213E+0
1.020000E+1	4.816830E+0
1.040000E+1	5.218490E+0
1.060000E+1	5.528924E+0
1.080000E+1	5.531773E+0
1.100000E+1	5.349219E+0
1.120000E+1	5.066107E+0
1.140000E+1	4.912188E+0
1.160000E+1	4.831547E+0
1.180000E+1	5.059950E+0
1.200000E+1	5.446134E+0
1.220000E+1	5.907734E+0
1.240000E+1	6.262794E+0
1.260000E+1	6.382912E+0
1.280000E+1	6.541646E+0
1.300000E+1	6.688238E+0
1.320000E+1	7.087461E+0
1.340000E+1	7.638488E+0
1.360000E+1	8.182422E+0
1.380000E+1	8.707153E+0
1.400000E+1	9.351632E+0
1.420000E+1	1.019690E+1
1.440000E+1	1.099232E+1
1.460000E+1	1.182102E+1
1.480000E+1	1.214879E+1
1.500000E+1	1.184873E+1
1.520000E+1	1.110510E+1
1.540000E+1	1.011182E+1
1.560000E+1	9.211336E+0
1.580000E+1	8.132540E+0
1.600000E+1	7.239646E+0
1.620000E+1	6.350350E+0
1.640000E+1	5.868482E+0
1.660000E+1	5.409491E+0
1.680000E+1	5.038778E+0
1.700000E+1	4.597295E+0
1.720000E+1	4.241327E+0
1.740000E+1	3.839801E+0
1.760000E+1	3.534833E+0
1.780000E+1	3.187732E+0
1.800000E+1	2.944518E+0
1.820000E+1	2.670030E+0
1.840000E+1	2.689576E+0
1.860000E+1	2.582586E+0
1.880000E+1	2.522138E+0
1.900000E+1	2.323762E+0
1.920000E+1	2.236270E+0
1.940000E+1	2.100890E+0
1.960000E+1	1.943278E+0
1.980000E+1	1.803648E+0
2.000000E+1	1.724618E+0
2.020000E+1	1.662073E+0
2.040000E+1	1.563280E+0
2.060000E+1	1.477453E+0
2.080000E+1	1.390937E+0
2.100000E+1	1.344430E+0
2.120000E+1	1.334470E+0
2.140000E+1	1.226482E+0
2.160000E+1	1.203984E+0
2.180000E+1	1.167514E+0
2.200000E+1	1.191230E+0
2.220000E+1	1.110712E+0
2.240000E+1	9.619422E-1
2.260000E+1	9.922368E-1
2.280000E+1	9.636285E-1
2.300000E+1	1.021385E+0
2.320000E+1	9.834434E-1
2.340000E+1	9.994190E-1
2.360000E+1	9.900527E-1
2.380000E+1	9.889993E-1
2.400000E+1	1.013117E+0
2.420000E+1	9.862391E-1
2.440000E+1	1.061825E+0
2.460000E+1	1.048486E+0
2.480000E+1	1.038709E+0
2.500000E+1	9.201592E-1
2.520000E+1	8.771304E-1
2.540000E+1	8.425016E-1
2.560000E+1	8.324833E-1
2.580000E+1	9.647196E-1
2.600000E+1	9.760656E-1
2.620000E+1	1.050625E+0
2.640000E+1	1.026756E+0
2.660000E+1	1.096341E+0
2.680000E+1	1.006153E+0
2.700000E+1	9.598384E-1
2.720000E+1	8.934598E-1
2.740000E+1	8.167521E-1
2.760000E+1	9.162444E-1
2.780000E+1	9.115540E-1
2.800000E+1	9.252862E-1
2.820000E+1	9.017669E-1
2.840000E+1	9.872188E-1
2.860000E+1	9.410335E-1
2.880000E+1	9.111741E-1
2.900000E+1	8.357284E-1
2.920000E+1	7.947450E-1
2.940000E+1	7.731058E-1
2.960000E+1	8.860327E-1
2.980000E+1	9.414359E-1
3.000000E+1	9.555480E-1
3.020000E+1	9.113359E-1
3.040000E+1	8.858042E-1
3.060000E+1	8.204612E-1
3.080000E+1	8.180879E-1
3.100000E+1	9.450711E-1
3.120000E+1	1.047258E+0
3.140000E+1	1.133440E+0
3.160000E+1	1.030632E+0
3.180000E+1	1.078258E+0
3.200000E+1	1.006242E+0
3.220000E+1	9.785885E-1
3.240000E+1	9.606256E-1
3.260000E+1	9.151595E-1
3.280000E+1	9.660101E-1
3.300000E+1	9.861514E-1
3.320000E+1	9.715194E-1
3.340000E+1	8.703304E-1
3.360000E+1	8.820459E-1
3.380000E+1	8.628433E-1
3.400000E+1	8.999051E-1
3.420000E+1	8.983693E-1
3.440000E+1	9.040467E-1
3.460000E+1	9.422753E-1
3.480000E+1	8.786898E-1
3.500000E+1	8.951391E-1
3.520000E+1	8.972883E-1
3.540000E+1	8.834073E-1
3.560000E+1	9.293506E-1
3.580000E+1	9.935159E-1
3.600000E+1	9.909771E-1
3.620000E+1	9.835228E-1
3.640000E+1	9.389225E-1
3.660000E+1	8.911730E-1
3.680000E+1	9.210475E-1
3.700000E+1	8.980234E-1
3.720000E+1	8.786296E-1
3.740000E+1	8.779595E-1
3.760000E+1	1.072447E+0
3.780000E+1	1.138377E+0
3.800000E+1	1.136770E+0
3.820000E+1	1.047094E+0
3.840000E+1	9.679544E-1
3.860000E+1	1.011274E+0
3.880000E+1	9.872234E-1
3.900000E+1	9.277237E-1
3.920000E+1	8.440822E-1
3.940000E+1	8.036995E-1
3.960000E+1	8.627111E-1
3.980000E+1	9.120405E-1
