0.000000E+0	8.479472E-2
2.000000E-1	6.520254E-2
4.000000E-1	-5.304934E-3
6.000000E-1	-2.242976E-2
8.000000E-1	-5.008749E-2
1.000000E+0	-4.049665E-2
1.200000E+0	-2.661574E-2
1.400000E+0	1.184249E-3
1.600000E+0	8.770940E-2
1.800000E+0	1.186617E-1
2.000000E+0	1.037583E-1
2.200000E+0	3.905580E-2
2.400000E+0	3.631593E-2
2.600000E+0	-5.441779E-3
2.800000E+0	8.440654E-2
3.000000E+0	3.723102E-2
3.200000E+0	-1.397542E-2
3.400000E+0	-6.140924E-2
3.600000E+0	-6.700847E-2
3.800000E+0	-1.774154E-2
4.000000E+0	-3.143285E-2
4.200000E+0	-5.843663E-2
4.400000E+0	-2.727179E-2
4.600000E+0	-4.864357E-2
4.800000E+0	-8.360448E-3
5.000000E+0	-1.171081E-2
5.200000E+0	1.404583E-1
5.400000E+0	3.587414E-1
5.600000E+0	5.888213E-1
5.800000E+0	7.237972E-1
6.000000E+0	8.827397E-1
6.200000E+0	1.020803E+0
6.400000E+0	1.068516E+0
6.600000E+0	1.338552E+0
6.800000E+0	1.537603E+0
7.000000E+0	1.733971E+0
7.200000E+0	1.882034E+0
7.400000E+0	2.066798E+0
7.600000E+0	2.124602E+0
7.800000E+0	2.219904E+0
8.000000E+0	2.391981E+0
8.200000E+0	2.532786E+0
8.400000E+0	2.533937E+0
8.600000E+0	2.553289E+0
8.800000E+0	2.573893E+0
9.000000E+0	2.517201E+0
9.200000E+0	2.426489E+0
9.400000E+0	2.485492E+0
9.600000E+0	2.562858E+0
9.800000E+0	2.588219E+0
1.000000E+1	2.697770E+0
1.020000E+1	2.819780E+0
1.040000E+1	2.829844E+0
1.060000E+1	2.902248E+0
1.080000E+1	2.968775E+0
1.100000E+1	2.985552E+0
1.120000E+1	2.922961E+0
1.140000E+1	2.727259E+0
1.160000E+1	2.606073E+0
1.180000E+1	2.505777E+0
1.200000E+1	2.565887E+0
1.220000E+1	2.673912E+0
1.240000E+1	2.940553E+0
1.260000E+1	3.219039E+0
1.280000E+1	3.843082E+0
1.300000E+1	4.490186E+0
1.320000E+1	5.103748E+0
1.340000E+1	5.575459E+0
1.360000E+1	5.816250E+0
1.380000E+1	5.925612E+0
1.400000E+1	5.930887E+0
1.420000E+1	5.913355E+0
1.440000E+1	6.018322E+0
1.460000E+1	5.953089E+0
1.480000E+1	5.722899E+0
1.500000E+1	5.362375E+0
1.520000E+1	4.891826E+0
1.540000E+1	4.461866E+0
1.560000E+1	4.034669E+0
1.580000E+1	3.683056E+0
1.600000E+1	3.438340E+0
1.620000E+1	3.271669E+0
1.640000E+1	3.041348E+0
1.660000E+1	2.771987E+0
1.680000E+1	2.432691E+0
1.700000E+1	2.170163E+0
1.720000E+1	1.926774E+0
1.740000E+1	1.811597E+0
1.760000E+1	1.842546E+0
1.780000E+1	1.786971E+0
1.800000E+1	1.720974E+0
1.820000E+1	1.605417E+0
1.840000E+1	1.365399E+0
1.860000E+1	1.234038E+0
1.880000E+1	1.212718E+0
1.900000E+1	1.213841E+0
1.920000E+1	1.246765E+0
1.940000E+1	1.142613E+0
1.960000E+1	1.088877E+0
1.980000E+1	1.013192E+0
2.000000E+1	8.773252E-1
2.020000E+1	8.142944E-1
2.040000E+1	7.852036E-1
2.060000E+1	8.046045E-1
2.080000E+1	7.736962E-1
2.100000E+1	8.206520E-1
2.120000E+1	7.659698E-1
2.140000E+1	7.948433E-1
2.160000E+1	7.379304E-1
2.180000E+1	7.878468E-1
2.200000E+1	7.600319E-1
2.220000E+1	7.210003E-1
2.240000E+1	7.771822E-1
2.260000E+1	6.933549E-1
2.280000E+1	6.045622E-1
2.300000E+1	5.759881E-1
2.320000E+1	5.922511E-1
2.340000E+1	5.178669E-1
2.360000E+1	4.772476E-1
2.380000E+1	4.997527E-1
2.400000E+1	5.881849E-1
2.420000E+1	6.869588E-1
2.440000E+1	7.260130E-1
2.460000E+1	7.116173E-1
2.480000E+1	6.705550E-1
2.500000E+1	5.835046E-1
2.520000E+1	6.682395E-1
2.540000E+1	7.012962E-1
2.560000E+1	7.338930E-1
2.580000E+1	7.079041E-1
2.600000E+1	6.268226E-1
2.620000E+1	6.010850E-1
2.640000E+1	4.883948E-1
2.660000E+1	4.888455E-1
2.680000E+1	5.195516E-1
2.700000E+1	6.079255E-1
2.720000E+1	5.631868E-1
2.740000E+1	5.386210E-1
2.760000E+1	5.308603E-1
2.780000E+1	5.730825E-1
2.800000E+1	6.456595E-1
2.820000E+1	7.616617E-1
2.840000E+1	7.703273E-1
2.860000E+1	7.958141E-1
2.880000E+1	6.678457E-1
2.900000E+1	5.813871E-1
2.920000E+1	4.975124E-1
2.940000E+1	5.891487E-1
2.960000E+1	6.604964E-1
2.980000E+1	7.989931E-1
3.000000E+1	8.464589E-1
3.020000E+1	9.084941E-1
3.040000E+1	8.600557E-1
3.060000E+1	8.434188E-1
3.080000E+1	7.313480E-1
3.100000E+1	6.811964E-1
3.120000E+1	6.390765E-1
3.140000E+1	6.795889E-1
3.160000E+1	6.823354E-1
3.180000E+1	6.855295E-1
3.200000E+1	6.254386E-1
3.220000E+1	6.510414E-1
3.240000E+1	6.599829E-1
3.260000E+1	6.909109E-1
3.280000E+1	6.616145E-1
3.300000E+1	5.963062E-1
3.320000E+1	6.634330E-1
3.340000E+1	6.903722E-1
3.360000E+1	7.554751E-1
3.380000E+1	8.894571E-1
3.400000E+1	8.704376E-1
3.420000E+1	7.494073E-1
3.440000E+1	6.518003E-1
3.460000E+1	6.218707E-1
3.480000E+1	5.679565E-1
3.500000E+1	4.903318E-1
3.520000E+1	4.261348E-1
3.540000E+1	4.407392E-1
3.560000E+1	5.012832E-1
3.580000E+1	5.692058E-1
3.600000E+1	5.943182E-1
3.620000E+1	6.399449E-1
3.640000E+1	5.977531E-1
3.660000E+1	5.307199E-1
3.680000E+1	4.839984E-1
3.700000E+1	4.891230E-1
3.720000E+1	5.493020E-1
3.740000E+1	5.210303E-1
3.760000E+1	4.719948E-1
3.780000E+1	5.560246E-1
3.800000E+1	5.378611E-1
3.820000E+1	5.891449E-1
3.840000E+1	5.259057E-1
3.860000E+1	5.676233E-1
3.880000E+1	6.739402E-1
3.900000E+1	5.596931E-1
3.920000E+1	5.044172E-1
3.940000E+1	4.343475E-1
3.960000E+1	4.930114E-1
3.980000E+1	5.871013E-1
