0.000000E+0	-9.458950E-2
2.000000E-1	-4.173406E-2
4.000000E-1	2.104514E-2
6.000000E-1	-1.768805E-2
8.000000E-1	-9.080395E-2
1.000000E+0	6.329885E-3
1.200000E+0	2.025020E-1
1.400000E+0	9.497679E-2
1.600000E+0	-8.042071E-3
1.800000E+0	-1.255982E-1
2.000000E+0	-8.548991E-2
2.200000E+0	2.768406E-3
2.400000E+0	2.074710E-1
2.600000E+0	1.305852E-1
2.800000E+0	2.300895E-1
3.000000E+0	1.544345E-1
3.200000E+0	-8.344508E-3
3.400000E+0	-5.664776E-2
3.600000E+0	-1.054688E-1
3.800000E+0	-9.484614E-2
4.000000E+0	-1.318797E-1
4.200000E+0	-1.636830E-2
4.400000E+0	3.162195E-2
4.600000E+0	5.919586E-2
4.800000E+0	-2.625270E-1
5.000000E+0	1.961075E-1
5.200000E+0	6.020388E-1
5.400000E+0	7.206234E-1
5.600000E+0	1.007519E+0
5.800000E+0	1.184654E+0
6.000000E+0	1.417261E+0
6.200000E+0	1.509579E+0
6.400000E+0	1.413927E+0
6.600000E+0	1.784348E+0
6.800000E+0	1.928595E+0
7.000000E+0	1.853753E+0
7.200000E+0	2.109868E+0
7.400000E+0	2.367754E+0
7.600000E+0	2.283442E+0
7.800000E+0	2.179848E+0
8.000000E+0	2.170006E+0
8.200000E+0	2.096181E+0
8.400000E+0	2.132245E+0
8.600000E+0	2.115905E+0
8.800000E+0	2.413675E+0
9.000000E+0	2.355350E+0
9.200000E+0	2.536606E+0
9.400000E+0	2.515229E+0
9.600000E+0	2.429588E+0
9.800000E+0	2.244684E+0
1.000000E+1	2.428624E+0
1.020000E+1	2.740511E+0
1.040000E+1	2.689536E+0
1.060000E+1	2.553543E+0
1.080000E+1	2.597036E+0
1.100000E+1	2.471105E+0
1.120000E+1	2.423728E+0
1.140000E+1	2.307825E+0
1.160000E+1	2.507576E+0
1.180000E+1	2.607662E+0
1.200000E+1	2.702931E+0
1.220000E+1	2.969832E+0
1.240000E+1	2.903543E+0
1.260000E+1	2.995793E+0
1.280000E+1	3.237689E+0
1.300000E+1	3.078739E+0
1.320000E+1	3.231293E+0
1.340000E+1	3.272385E+0
1.360000E+1	2.874742E+0
1.380000E+1	2.863896E+0
1.400000E+1	2.780383E+0
1.420000E+1	2.801888E+0
1.440000E+1	3.192259E+0
1.460000E+1	3.347051E+0
1.480000E+1	3.036466E+0
1.500000E+1	2.721130E+0
1.520000E+1	2.982864E+0
1.540000E+1	2.574936E+0
1.560000E+1	2.307536E+0
1.580000E+1	2.302285E+0
1.600000E+1	1.963658E+0
1.620000E+1	1.660727E+0
1.640000E+1	1.444699E+0
1.660000E+1	1.228782E+0
1.680000E+1	1.219400E+0
1.700000E+1	1.119196E+0
1.720000E+1	1.189890E+0
1.740000E+1	1.146299E+0
1.760000E+1	9.240261E-1
1.780000E+1	1.008141E+0
1.800000E+1	1.347864E+0
1.820000E+1	1.036991E+0
1.840000E+1	1.296343E+0
1.860000E+1	1.036044E+0
1.880000E+1	1.096405E+0
1.900000E+1	1.128995E+0
1.920000E+1	6.675737E-1
1.940000E+1	8.156485E-1
1.960000E+1	9.977456E-1
1.980000E+1	9.015897E-1
2.000000E+1	9.306039E-1
2.020000E+1	5.300360E-1
2.040000E+1	6.640602E-1
2.060000E+1	6.366226E-1
2.080000E+1	7.339377E-1
2.100000E+1	6.323397E-1
2.120000E+1	4.543735E-1
2.140000E+1	5.118900E-1
2.160000E+1	5.359956E-1
2.180000E+1	8.278814E-1
2.200000E+1	7.406606E-1
2.220000E+1	1.025600E+0
2.240000E+1	7.872369E-1
2.260000E+1	6.144941E-1
2.280000E+1	5.453045E-1
2.300000E+1	9.696989E-1
2.320000E+1	6.346361E-1
2.340000E+1	5.260118E-1
2.360000E+1	5.818004E-1
2.380000E+1	5.550904E-1
2.400000E+1	7.582338E-1
2.420000E+1	7.141878E-1
2.440000E+1	8.395184E-1
2.460000E+1	8.485536E-1
2.480000E+1	7.346133E-1
2.500000E+1	6.296511E-1
2.520000E+1	9.100021E-1
2.540000E+1	7.743880E-1
2.560000E+1	7.614089E-1
2.580000E+1	9.442055E-1
2.600000E+1	1.049904E+0
2.620000E+1	4.384974E-1
2.640000E+1	4.736845E-1
2.660000E+1	7.035862E-1
2.680000E+1	9.097893E-1
2.700000E+1	7.120444E-1
2.720000E+1	5.631399E-1
2.740000E+1	5.014090E-1
2.760000E+1	9.109385E-1
2.780000E+1	1.119697E+0
2.800000E+1	7.952127E-1
2.820000E+1	9.804358E-1
2.840000E+1	7.109497E-1
2.860000E+1	7.867523E-1
2.880000E+1	7.201248E-1
2.900000E+1	7.127321E-1
2.920000E+1	4.087577E-1
2.940000E+1	4.281515E-1
2.960000E+1	6.179703E-1
2.980000E+1	6.902574E-1
3.000000E+1	5.298736E-1
3.020000E+1	8.731042E-1
3.040000E+1	8.736855E-1
3.060000E+1	4.921584E-1
3.080000E+1	-2.708880E-2
3.100000E+1	9.960569E-1
3.120000E+1	1.279990E+0
3.140000E+1	1.035300E+0
3.160000E+1	1.060650E+0
3.180000E+1	5.760515E-1
3.200000E+1	4.438582E-1
3.220000E+1	4.517152E-1
3.240000E+1	5.378419E-1
3.260000E+1	1.082703E+0
3.280000E+1	1.176157E+0
3.300000E+1	9.555431E-1
3.320000E+1	4.192276E-1
3.340000E+1	6.819641E-1
3.360000E+1	1.714560E+0
3.380000E+1	1.305793E+0
3.400000E+1	6.446940E-1
3.420000E+1	6.239055E-1
3.440000E+1	5.914090E-1
3.460000E+1	5.357824E-1
3.480000E+1	7.784610E-1
3.500000E+1	5.373199E-1
3.520000E+1	3.941811E-1
3.540000E+1	8.055814E-1
3.560000E+1	1.077081E+0
3.580000E+1	9.963071E-1
3.600000E+1	4.789381E-1
3.620000E+1	2.477292E-1
3.640000E+1	3.403237E-1
3.660000E+1	2.842679E-1
3.680000E+1	2.457265E-1
3.700000E+1	3.948370E-1
3.720000E+1	5.395647E-1
3.740000E+1	3.430541E-1
3.760000E+1	4.692618E-1
3.780000E+1	2.604282E-1
3.800000E+1	3.065436E-1
3.820000E+1	2.159516E-1
3.840000E+1	4.621742E-1
3.860000E+1	5.535228E-1
3.880000E+1	2.575803E-1
3.900000E+1	4.313560E-1
3.920000E+1	3.583810E-1
3.940000E+1	4.655976E-1
3.960000E+1	5.952749E-1
3.980000E+1	4.783181E-1
