0.000000E+0	4.060248E-2
2.000000E-1	-1.628528E-2
4.000000E-1	1.006847E-1
6.000000E-1	4.677324E-1
8.000000E-1	8.182015E-2
1.000000E+0	-1.717332E-1
1.200000E+0	-6.685276E-2
1.400000E+0	6.587465E-1
1.600000E+0	1.153298E-1
1.800000E+0	-1.454581E-1
2.000000E+0	2.996896E-3
2.200000E+0	-1.868411E-1
2.400000E+0	-9.858001E-2
2.600000E+0	5.675711E-2
2.800000E+0	1.405735E-1
3.000000E+0	4.599793E-2
3.200000E+0	7.853305E-2
3.400000E+0	1.291756E-1
3.600000E+0	1.677663E-2
3.800000E+0	-3.689202E-3
4.000000E+0	-9.435750E-2
4.200000E+0	-9.586219E-2
4.400000E+0	-8.714803E-2
4.600000E+0	-6.036091E-2
4.800000E+0	7.093459E-2
5.000000E+0	4.762774E-1
5.200000E+0	7.796138E-1
5.400000E+0	1.240009E+0
5.600000E+0	1.721871E+0
5.800000E+0	2.748144E+0
6.000000E+0	2.481859E+0
6.200000E+0	2.573756E+0
6.400000E+0	2.550555E+0
6.600000E+0	2.871074E+0
6.800000E+0	2.973714E+0
7.000000E+0	3.068745E+0
7.200000E+0	3.252781E+0
7.400000E+0	3.572636E+0
7.600000E+0	3.602067E+0
7.800000E+0	3.666363E+0
8.000000E+0	3.870275E+0
8.200000E+0	4.056939E+0
8.400000E+0	4.027898E+0
8.600000E+0	3.845121E+0
8.800000E+0	4.228828E+0
9.000000E+0	4.352169E+0
9.200000E+0	4.383205E+0
9.400000E+0	4.346604E+0
9.600000E+0	4.532140E+0
9.800000E+0	4.578170E+0
1.000000E+1	4.629856E+0
1.020000E+1	4.588819E+0
1.040000E+1	4.694752E+0
1.060000E+1	4.884254E+0
1.080000E+1	5.075735E+0
1.100000E+1	5.295967E+0
1.120000E+1	5.285203E+0
1.140000E+1	5.404682E+0
1.160000E+1	5.423826E+0
1.180000E+1	5.585746E+0
1.200000E+1	5.952191E+0
1.220000E+1	6.289285E+0
1.240000E+1	6.425714E+0
1.260000E+1	6.416524E+0
1.280000E+1	6.270660E+0
1.300000E+1	6.286427E+0
1.320000E+1	6.366259E+0
1.340000E+1	6.643386E+0
1.360000E+1	6.873536E+0
1.380000E+1	7.064101E+0
1.400000E+1	7.502942E+0
1.420000E+1	7.569964E+0
1.440000E+1	7.731482E+0
1.460000E+1	7.902204E+0
1.480000E+1	8.354389E+0
1.500000E+1	7.897406E+0
1.520000E+1	7.728411E+0
1.540000E+1	6.601701E+0
1.560000E+1	5.947809E+0
1.580000E+1	5.156210E+0
1.600000E+1	4.449641E+0
1.620000E+1	3.983266E+0
1.640000E+1	3.208818E+0
1.660000E+1	3.278173E+0
1.680000E+1	2.854913E+0
1.700000E+1	2.830103E+0
1.720000E+1	2.883971E+0
1.740000E+1	2.726415E+0
1.760000E+1	2.577619E+0
1.780000E+1	2.046544E+0
1.800000E+1	2.137997E+0
1.820000E+1	2.152906E+0
1.840000E+1	2.005950E+0
1.860000E+1	1.527836E+0
1.880000E+1	1.444553E+0
1.900000E+1	1.581893E+0
1.920000E+1	1.565210E+0
1.940000E+1	1.592074E+0
1.960000E+1	1.448420E+0
1.980000E+1	1.695015E+0
2.000000E+1	1.430208E+0
2.020000E+1	1.293028E+0
2.040000E+1	1.528126E+0
2.060000E+1	1.471994E+0
2.080000E+1	1.848547E+0
2.100000E+1	1.869281E+0
2.120000E+1	1.445520E+0
2.140000E+1	1.362775E+0
2.160000E+1	1.062468E+0
2.180000E+1	1.166093E+0
2.200000E+1	1.450736E+0
2.220000E+1	1.115823E+0
2.240000E+1	8.314487E-1
2.260000E+1	1.038391E+0
2.280000E+1	9.778668E-1
2.300000E+1	9.888726E-1
2.320000E+1	1.265457E+0
2.340000E+1	1.147672E+0
2.360000E+1	1.216289E+0
2.380000E+1	1.307371E+0
2.400000E+1	1.446514E+0
2.420000E+1	1.213212E+0
2.440000E+1	6.241332E-1
2.460000E+1	9.928711E-1
2.480000E+1	1.134215E+0
2.500000E+1	8.654502E-1
2.520000E+1	9.222091E-1
2.540000E+1	1.087695E+0
2.560000E+1	1.040365E+0
2.580000E+1	1.253784E+0
2.600000E+1	1.319995E+0
2.620000E+1	9.779219E-1
2.640000E+1	1.010401E+0
2.660000E+1	1.367690E+0
2.680000E+1	1.230600E+0
2.700000E+1	1.005741E+0
2.720000E+1	9.258339E-1
2.740000E+1	1.034829E+0
2.760000E+1	1.474911E+0
2.780000E+1	9.924397E-1
2.800000E+1	1.023212E+0
2.820000E+1	1.038514E+0
2.840000E+1	1.027972E+0
2.860000E+1	8.851895E-1
2.880000E+1	9.714427E-1
2.900000E+1	9.336577E-1
2.920000E+1	1.103928E+0
2.940000E+1	1.229713E+0
2.960000E+1	1.208707E+0
2.980000E+1	7.765584E-1
3.000000E+1	1.317193E+0
3.020000E+1	1.339363E+0
3.040000E+1	9.340085E-1
3.060000E+1	8.838712E-1
3.080000E+1	1.157933E+0
3.100000E+1	1.044201E+0
3.120000E+1	9.640951E-1
3.140000E+1	7.234793E-1
3.160000E+1	7.687524E-1
3.180000E+1	9.188478E-1
3.200000E+1	1.054170E+0
3.220000E+1	8.544911E-1
3.240000E+1	8.098592E-1
3.260000E+1	7.673837E-1
3.280000E+1	8.563507E-1
3.300000E+1	9.736446E-1
3.320000E+1	8.615210E-1
3.340000E+1	7.932690E-1
3.360000E+1	7.813115E-1
3.380000E+1	8.210460E-1
3.400000E+1	7.155603E-1
3.420000E+1	8.573808E-1
3.440000E+1	9.814952E-1
3.460000E+1	7.423340E-1
3.480000E+1	6.887742E-1
3.500000E+1	7.281857E-1
3.520000E+1	7.917694E-1
3.540000E+1	8.396964E-1
3.560000E+1	1.137207E+0
3.580000E+1	1.082097E+0
3.600000E+1	1.206064E+0
3.620000E+1	1.610237E+0
3.640000E+1	8.330889E-1
3.660000E+1	7.362870E-1
3.680000E+1	7.405840E-1
3.700000E+1	7.728787E-1
3.720000E+1	1.062705E+0
3.740000E+1	1.052689E+0
3.760000E+1	1.045004E+0
3.780000E+1	1.146694E+0
3.800000E+1	8.442710E-1
3.820000E+1	9.216539E-1
3.840000E+1	1.006131E+0
3.860000E+1	7.893221E-1
3.880000E+1	8.925396E-1
3.900000E+1	4.848485E-1
3.920000E+1	5.485351E-1
3.940000E+1	5.994964E-1
3.960000E+1	8.967077E-1
3.980000E+1	7.261605E-1
