200.342668
200.361736
200.407898
200.416488
200.421775
200.477093
200.516930
200.829394
201.823332
201.969840
202.015530
202.047720
202.196495
202.341021
202.835772
202.851159
202.959908
203.066674
203.200250
203.250754
203.349213
203.372058
203.395752
203.468724
203.741351
203.748997
203.754095
203.768160
203.856141
203.949692
204.236196
204.265271
204.468042
204.509295
204.558572
204.563764
204.574997
204.593877
204.627295
204.703948
204.745767
204.758605
204.872735
204.882836
205.167357
205.448292
205.498701
205.611037
205.618684
205.628029
205.648325
205.654461
205.761228
205.820133
206.106543
206.148551
206.154404
206.371052
206.573162
206.601765
206.608562
206.613849
206.722220
206.744781
206.761962
206.851359
206.857306
207.066119
207.368482
207.395292
207.446268
207.484877
207.586546
207.675754
207.788468
207.824057
208.431332
208.584260
208.609181
208.641938
208.709245
208.824980
208.830172
208.835741
208.845370
208.917209
209.147167
209.203618
209.213625
209.218817
209.224103
209.275457
209.469071
209.568852
209.716682
209.721969
209.961273
210.018951
210.122980
210.303095
500.341056
500.441120
500.541090
500.641060
500.741124
500.841093
500.941063
501.041032
501.141096
501.241066
501.341036
501.441100
501.541069
501.641039
501.741103
501.841072
501.941042
502.041106
502.141076
502.241045
502.341109
502.441079
502.541048
502.641112
502.741082
502.841052
502.941116
503.041085
503.141055
503.241119
503.341088
503.441058
503.541122
503.641092
503.741061
503.841125
503.941095
504.041064
504.141128
504.241098
504.341068
504.441037
504.541101
504.641071
504.741040
504.841104
504.941074
505.041044
505.141108
505.241077
505.341047
505.441111
505.541080
505.641050
505.741114
505.841084
505.941053
506.041117
506.141087
506.241056
506.341120
506.441090
506.541060
506.641124
506.741093
506.841063
506.941127
507.041096
507.141066
507.241130
507.341100
507.441069
507.541133
507.641103
507.741072
507.841042
507.941106
508.041076
508.141045
508.241109
508.341079
508.441048
508.541112
508.641082
508.741052
508.841116
508.941085
509.041055
509.141119
509.241088
509.341058
509.441122
509.541092
509.641061
509.741125
509.841095
509.941064
510.041128
510.141098
510.241068
799.193429
799.228923
799.393557
799.488712
799.597367
799.662597
799.798155
799.905205
799.976477
800.004325
800.114867
800.220879
800.282239
800.364272
800.549485
800.606408
800.692407
800.754994
800.844957
800.907544
800.943322
801.020919
801.191499
801.376523
801.440527
801.493863
801.608936
801.651888
801.795187
801.903747
801.983610
802.046103
802.072629
802.190063
802.399631
802.471186
802.515176
802.819994
802.961027
802.998787
803.038907
803.092149
803.147184
803.258482
803.307475
803.462763
803.636743
803.675635
803.837815
803.919093
804.019723
804.042096
804.156320
804.386279
804.449999
804.518061
804.602738
804.707427
804.797674
804.900381
804.992232
805.098432
805.295445
805.381349
805.421847
805.456963
805.542395
805.567883
805.762631
805.863261
805.988152
806.147311
806.290704
806.392656
806.464117
806.606661
806.737877
806.830483
806.959906
807.188165
807.202608
807.248675
807.348173
807.425959
807.515733
807.637981
807.739933
807.847360
807.947896
808.066557
808.148874
808.222223
808.351739
808.519205
808.603032
808.684971
808.768515
808.775973
808.872827
808.981482
1099.144806
1099.206450
1099.270736
1099.557429
1099.573854
1099.667310
1099.741509
1099.748117
1100.020083
1100.105043
1100.254478
1100.307626
1100.485475
1101.116350
1101.137779
1101.169120
1101.187056
1101.236050
1101.474504
1101.774224
1101.820102
1102.647141
1102.774392
1102.853877
1102.863317
1103.041355
1103.049851
1103.055138
1103.165491
1103.183144
1103.197965
1103.238274
1103.426790
1103.489000
1103.512978
1103.518075
1103.584344
1103.595578
1103.656654
1103.661752
1103.799482
1103.948822
1104.214181
1104.223526
1104.403736
1104.410910
1104.740650
1104.866579
1105.004686
1105.014693
1105.062742
1105.253336
1105.360197
1105.446762
1105.535592
1105.708816
1105.718256
1105.736475
1105.966717
1105.976062
1106.422574
1106.457786
1106.467226
1106.505552
1106.542462
1106.680003
1106.815467
1106.833403
1106.842088
1107.014651
1107.149643
1107.156062
1107.176453
1107.225069
1107.248952
1107.257826
1107.278971
1107.347222
1107.474285
1107.483536
1107.865384
1107.906448
1107.917965
1108.036437
1108.094587
1108.101290
1108.235810
1108.244022
1108.282066
1108.287352
1108.402426
1108.423288
1108.430746
1108.701296
1108.743021
1108.791071
1108.825904
1108.849976
1108.855074
1108.956365
1400.990225
1401.025720
1401.190259
1401.285509
1401.394163
1401.459393
1401.594857
1401.702001
1401.773179
1401.801121
1401.911664
1402.017675
1402.079035
1402.161069
1402.346281
1402.403205
1402.489203
1402.551696
1402.641753
1402.704341
1402.740118
1402.817621
1402.988202
1403.173320
1403.237323
1403.290659
1403.405733
1403.448685
1403.591890
1403.700544
1403.780312
1403.842899
1403.869426
1403.986859
1404.196427
1404.267982
1404.311878
1404.616790
1404.757824
1404.795584
1404.835704
1404.888946
1404.943981
1405.055278
1405.104272
1405.259466
1405.433445
1405.472432
1405.634611
1405.715890
1405.816520
1405.838893
1405.953022
1406.182981
1406.246795
1406.314858
1406.399534
1406.504224
1406.594470
1406.697178
1406.789029
1406.895229
1407.092147
1407.178146
1407.218643
1407.253666
1407.339192
1407.364680
1407.559427
1407.660058
1407.784854
1407.944013
1408.087501
1408.189358
1408.260914
1408.403458
1408.534674
1408.627280
1408.756702
1408.984962
1408.999310
1409.045378
1409.144875
1409.222661
1409.312530
1409.434778
1409.536730
1409.644157
1409.744598
1409.863259
1409.945670
1410.019019
1410.148536
1410.316002
1410.399829
1410.481674
1410.565218
1410.572770
1410.669624
1410.778184
1701.934691
1702.034661
1702.134630
1702.234694
1702.334664
1702.434633
1702.534603
1702.634667
1702.734637
1702.834606
1702.934670
1703.034640
1703.134609
1703.234673
1703.334643
1703.434613
1703.534677
1703.634646
1703.734616
1703.834680
1703.934649
1704.034619
1704.134683
1704.234653
1704.334622
1704.434686
1704.534656
1704.634625
1704.734689
1704.834659
1704.934629
1705.034693
1705.134662
1705.234632
1705.334696
1705.434665
1705.534635
1705.634699
1705.734669
1705.834638
1705.934702
1706.034672
1706.134641
1706.234611
1706.334675
1706.434645
1706.534614
1706.634678
1706.734648
1706.834617
1706.934681
1707.034651
1707.134621
1707.234685
1707.334654
1707.434624
1707.534688
1707.634657
1707.734627
1707.834691
1707.934661
1708.034630
1708.134694
1708.234664
1708.334633
1708.434697
1708.534667
1708.634637
1708.734701
1708.834670
1708.934640
1709.034704
1709.134673
1709.234643
1709.334707
1709.434677
1709.534646
1709.634616
1709.734680
1709.834649
1709.934619
1710.034683
1710.134653
1710.234622
1710.334686
1710.434656
1710.534625
1710.634689
1710.734659
1710.834629
1710.934693
1711.034662
1711.134632
1711.234696
1711.334665
1711.434635
1711.534699
1711.634669
1711.734638
1711.834702
1999.133081
1999.233051
1999.333115
1999.433084
1999.533054
1999.633118
1999.733088
1999.833057
1999.933121
2000.033091
2000.133060
2000.233030
2000.333094
2000.433064
2000.533033
2000.633097
2000.733067
2000.833036
2000.933100
2001.033070
2001.133040
2001.233104
2001.333073
2001.433043
2001.533107
2001.633076
2001.733046
2001.833110
2001.933080
2002.033049
2002.133113
2002.233083
2002.333052
2002.433116
2002.533086
2002.633056
2002.733120
2002.833089
2002.933059
2003.033123
2003.133092
2003.233062
2003.333126
2003.433096
2003.533065
2003.633129
2003.733099
2003.833068
2003.933038
2004.033102
2004.133072
2004.233041
2004.333105
2004.433075
2004.533044
2004.633108
2004.733078
2004.833048
2004.933112
2005.033081
2005.133051
2005.233115
2005.333084
2005.433054
2005.533118
2005.633088
2005.733057
2005.833121
2005.933091
2006.033060
2006.133124
2006.233094
2006.333064
2006.433128
2006.533097
2006.633067
2006.733131
2006.833100
2006.933070
2007.033134
2007.133104
2007.233073
2007.333043
2007.433107
2007.533076
2007.633046
2007.733110
2007.833080
2007.933049
2008.033113
2008.133083
2008.233052
2008.333116
2008.433086
2008.533056
2008.633120
2008.733089
2008.833059
2008.933123
2009.033092
2309.585420
2309.620915
2309.785454
2309.880704
2309.989358
2310.054588
2310.190052
2310.297102
2310.368374
2310.396316
2310.506859
2310.612870
2310.674136
2310.756264
2310.941476
2310.998400
2311.084398
2311.146891
2311.236948
2311.299536
2311.335219
2311.412816
2311.583396
2311.768420
2311.832518
2311.885854
2312.000928
2312.043880
2312.187084
2312.295739
2312.375507
2312.438094
2312.464526
2312.581960
2312.791622
2312.863083
2312.907073
2313.211985
2313.353019
2313.390684
2313.430899
2313.484140
2313.539176
2313.650473
2313.699467
2313.854660
2314.028640
2314.067627
2314.229806
2314.311084
2314.411715
2314.433993
2314.548217
2314.778176
2314.841990
2314.910052
2314.994729
2315.099419
2315.189571
2315.292278
2315.384224
2315.490424
2315.687342
2315.773340
2315.813838
2315.848860
2315.934387
2315.959875
2316.154622
2316.255252
2316.380049
2316.539208
2316.682696
2316.784553
2316.856108
2316.998652
2317.129868
2317.222475
2317.351897
2317.580156
2317.594505
2317.640572
2317.740070
2317.817856
2317.907724
2318.029972
2318.131924
2318.239352
2318.339793
2318.458454
2318.540771
2318.614214
2318.743636
2318.911196
2318.995024
2319.076868
2319.160412
2319.167964
2319.264819
2319.373379
2599.329892
2599.348961
2599.395028
2599.403713
2599.408999
2599.464223
2599.504060
2599.816619
2600.810462
2600.957065
2601.002755
2601.034851
2601.183625
2601.328151
2601.822902
2601.838289
2601.947132
2602.053899
2602.187380
2602.237979
2602.336438
2602.359283
2602.382883
2602.455854
2602.728481
2602.736222
2602.741319
2602.755385
2602.843271
2602.936916
2603.223326
2603.252401
2603.455172
2603.496519
2603.545796
2603.550894
2603.562222
2603.581102
2603.614519
2603.691172
2603.732991
2603.745735
2603.859959
2603.870060
2604.154582
2604.435516
2604.485926
2604.598262
2604.605814
2604.615159
2604.635550
2604.641686
2604.748452
2604.807263
2605.093767
2605.135681
2605.141628
2605.358276
2605.560387
2605.588990
2605.595692
2605.601073
2605.709444
2605.732006
2605.749187
2605.838583
2605.844436
2606.053249
2606.355707
2606.382516
2606.433492
2606.472007
2606.573771
2606.662979
2606.775598
2606.811187
2607.418462
2607.571484
2607.596406
2607.629163
2607.696375
2607.812110
2607.817396
2607.822966
2607.832595
2607.904339
2608.134391
2608.190748
2608.200755
2608.205947
2608.211233
2608.262681
2608.456201
2608.555982
2608.703907
2608.709099
2608.948403
2609.006175
2609.110110
2609.290319
2899.131834
2899.231898
2899.331868
2899.431838
2899.531902
2899.631871
2899.731841
2899.831905
2899.931874
2900.031844
2900.131908
2900.231878
2900.331847
2900.431911
2900.531881
2900.631850
2900.731820
2900.831884
2900.931854
2901.031823
2901.131887
2901.231857
2901.331826
2901.431890
2901.531860
2901.631830
2901.731894
2901.831863
2901.931833
2902.031897
2902.131866
2902.231836
2902.331900
2902.431870
2902.531839
2902.631903
2902.731873
2902.831842
2902.931906
2903.031876
2903.131846
2903.231910
2903.331879
2903.431849
2903.531913
2903.631882
2903.731852
2903.831916
2903.931886
2904.031855
2904.131919
2904.231889
2904.331858
2904.431828
2904.531892
2904.631862
2904.731831
2904.831895
2904.931865
2905.031834
2905.131898
2905.231868
2905.331838
2905.431902
2905.531871
2905.631841
2905.731905
2905.831874
2905.931844
2906.031908
2906.131878
2906.231847
2906.331911
2906.431881
2906.531850
2906.631914
2906.731884
2906.831854
2906.931918
2907.031887
2907.131857
2907.231921
2907.331890
2907.431860
2907.531924
2907.631894
2907.731863
2907.831833
2907.931897
2908.031866
2908.131836
2908.231900
2908.331870
2908.431839
2908.531903
2908.631873
2908.731842
2908.831906
2908.931876
2909.031846
3199.133621
3199.195265
3199.259457
3199.546244
3199.562669
3199.656125
3199.730324
3199.736837
3200.008898
3200.093858
3200.243293
3200.296441
3200.474290
3201.105165
3201.126500
3201.157935
3201.175777
3201.224865
3201.463319
3201.763039
3201.808917
3202.635956
3202.763207
3202.842692
3202.852132
3203.030170
3203.038666
3203.043953
3203.154306
3203.171959
3203.186780
3203.227089
3203.415605
3203.477815
3203.501793
3203.506796
3203.573065
3203.584393
3203.645469
3203.650567
3203.788297
3203.937543
3204.202901
3204.212341
3204.392551
3204.399725
3204.729465
3204.855394
3204.993501
3205.003508
3205.051463
3205.242151
3205.349012
3205.435577
3205.524407
3205.697631
3205.707071
3205.725290
3205.955532
3205.964877
3206.411389
3206.446601
3206.456041
3206.494367
3206.531277
3206.668818
3206.804282
3206.822218
3206.830809
3207.003466
3207.138458
3207.144877
3207.165268
3207.213884
3207.237767
3207.246641
3207.267786
3207.336037
3207.463100
3207.472351
3207.854199
3207.895263
3207.906780
3208.025252
3208.083402
3208.090105
3208.224625
3208.232838
3208.270881
3208.276167
3208.391241
3208.412103
3208.419561
3208.690111
3208.731836
3208.779886
3208.814719
3208.838791
3208.843889
3208.945180
3499.125024
3499.144093
3499.190255
3499.198845
3499.204132
3499.259450
3499.299287
3499.611751
3500.605688
3500.752197
3500.797887
3500.830077
3500.978852
3501.123378
3501.618128
3501.633516
3501.742264
3501.849031
3501.982607
3502.033111
3502.131570
3502.154415
3502.178109
3502.251081
3502.523708
3502.531354
3502.536452
3502.550517
3502.638498
3502.732143
3503.018553
3503.047628
3503.250399
3503.291746
3503.340929
3503.346121
3503.357354
3503.376234
3503.409746
3503.486305
3503.528124
3503.540962
3503.655186
3503.665193
3503.949714
3504.230649
3504.281058
3504.393394
3504.401041
3504.410386
3504.430682
3504.436818
3504.543585
3504.602490
3504.888900
3504.930908
3504.936761
3505.153409
3505.355519
3505.384122
3505.390919
3505.396205
3505.504577
3505.527138
3505.544319
3505.633810
3505.639663
3505.848476
3506.150839
3506.177649
3506.228625
3506.267234
3506.368903
3506.458111
3506.570825
3506.606413
3507.213689
3507.366617
3507.391538
3507.424295
3507.491602
3507.607337
3507.612529
3507.618098
3507.627727
3507.699565
3507.929524
3507.985975
3507.995981
3508.001173
3508.006460
3508.057813
3508.251428
3508.351209
3508.499039
3508.504325
3508.743629
3508.801308
3508.905337
3509.085452
3799.177410
3799.212904
3799.377538
3799.472693
3799.581348
3799.646578
3799.782136
3799.889186
3799.960458
3799.988306
3800.098848
3800.204860
3800.266220
3800.348253
3800.533466
3800.590389
3800.676388
3800.738975
3800.828938
3800.891525
3800.927303
3801.004900
3801.175480
3801.360504
3801.424508
3801.477844
3801.592917
3801.635869
3801.779168
3801.887728
3801.967591
3802.030084
3802.056610
3802.174044
3802.383612
3802.455167
3802.499157
3802.803975
3802.945008
3802.982768
3803.022888
3803.076130
3803.131165
3803.242463
3803.291456
3803.446744
3803.620724
3803.659616
3803.821796
3803.903074
3804.003704
3804.026077
3804.140301
3804.370260
3804.433980
3804.502042
3804.586719
3804.691408
3804.781655
3804.884362
3804.976213
3805.082413
3805.279426
3805.365330
3805.405828
3805.440944
3805.526376
3805.551864
3805.746612
3805.847242
3805.972133
3806.131292
3806.274685
3806.376637
3806.448098
3806.590642
3806.721858
3806.814464
3806.943887
3807.172146
3807.186589
3807.232656
3807.332154
3807.409940
3807.499714
3807.621962
3807.723914
3807.831341
3807.931877
3808.050538
3808.132855
3808.206204
3808.335720
3808.503186
3808.587013
3808.668952
3808.752496
3808.759954
3808.856808
3808.965463
4099.728794
4099.790437
4099.854723
4100.141416
4100.157842
4100.251298
4100.325496
4100.332104
4100.604071
4100.689031
4100.838466
4100.891613
4101.069463
4101.700432
4101.721767
4101.753107
4101.771043
4101.820131
4102.058491
4102.358211
4102.404090
4103.231128
4103.358379
4103.437864
4103.447304
4103.625343
4103.633839
4103.639125
4103.749479
4103.767131
4103.781952
4103.822261
4104.010778
4104.072987
4104.096965
4104.102063
4104.168331
4104.179659
4104.240642
4104.245739
4104.383469
4104.532810
4104.798168
4104.807514
4104.987818
4104.994898
4105.324637
4105.450661
4105.588674
4105.598680
4105.646730
4105.837323
4105.944184
4106.030749
4106.119579
4106.292803
4106.302243
4106.320463
4106.550704
4106.560050
4107.006562
4107.041773
4107.051213
4107.089539
4107.126544
4107.264085
4107.399455
4107.417485
4107.426075
4107.598639
4107.733631
4107.740050
4107.760440
4107.809056
4107.832939
4107.841813
4107.862959
4107.931210
4108.058367
4108.067523
4108.449466
4108.490435
4108.501952
4108.620424
4108.678669
4108.685277
4108.819797
4108.828010
4108.866053
4108.871339
4108.986413
4109.007275
4109.014733
4109.285283
4109.327008
4109.375058
4109.409986
4109.433963
4109.439061
4109.540352
4403.320235
4403.339304
4403.385466
4403.394056
4403.399342
4403.454566
4403.494498
4403.806962
4404.800805
4404.947408
4404.993098
4405.025194
4405.173968
4405.318495
4405.813339
4405.828632
4405.937475
4406.044242
4406.177723
4406.228322
4406.326781
4406.349626
4406.373226
4406.446197
4406.718824
4406.726565
4406.731663
4406.745728
4406.833615
4406.927259
4407.213669
4407.242744
4407.445515
4407.486863
4407.536139
4407.541237
4407.552565
4407.571445
4407.604863
4407.681515
4407.723335
4407.736079
4407.850303
4407.860403
4408.144925
4408.425859
4408.476269
4408.588605
4408.596251
4408.605503
4408.625893
4408.632029
4408.738795
4408.797701
4409.084111
4409.126119
4409.131971
4409.348619
4409.550730
4409.579333
4409.586035
4409.591416
4409.699787
4409.722349
4409.739530
4409.828927
4409.834874
4410.043592
4410.346050
4410.372859
4410.423835
4410.462351
4410.564114
4410.653322
4410.766035
4410.801530
4411.408805
4411.561827
4411.586749
4411.619506
4411.686719
4411.802453
4411.807739
4411.813309
4411.822938
4411.894682
4412.124735
4412.181091
4412.191098
4412.196384
4412.201671
4412.253024
4412.446544
4412.546325
4412.694250
4412.699442
4412.938840
4412.996519
4413.100547
4413.280663
4699.318613
4699.337776
4699.383843
4699.392434
4699.397720
4699.453038
4699.492875
4699.805339
4700.799277
4700.945786
4700.991475
4701.023666
4701.172440
4701.316966
4701.811717
4701.827104
4701.935853
4702.042714
4702.176195
4702.226699
4702.325158
4702.348003
4702.371698
4702.444669
4702.717296
4702.725037
4702.730134
4702.744200
4702.832086
4702.925731
4703.212141
4703.241216
4703.443987
4703.485334
4703.534611
4703.539709
4703.550942
4703.569822
4703.603334
4703.679893
4703.721712
4703.734550
4703.848774
4703.858781
4704.143397
4704.424331
4704.474741
4704.586982
4704.594629
4704.603974
4704.624270
4704.630501
4704.737267
4704.796078
4705.082582
4705.124496
4705.130443
4705.347091
4705.549202
4705.577805
4705.584507
4705.589888
4705.698165
4705.720726
4705.737907
4705.827398
4705.833251
4706.042064
4706.344427
4706.371237
4706.422307
4706.460822
4706.562491
4706.651794
4706.764413
4706.800002
4707.407277
4707.560205
4707.585126
4707.617883
4707.685190
4707.800925
4707.806211
4707.811686
4707.821410
4707.893154
4708.123206
4708.179563
4708.189570
4708.194762
4708.200048
4708.251496
4708.445016
4708.544797
4708.692627
4708.697914
4708.937218
4708.994896
4709.098925
4709.279134
4999.717069
4999.817038
4999.917008
5000.017072
5000.117041
5000.217011
5000.317075
5000.417045
5000.517014
5000.617078
5000.717048
5000.817017
5000.917081
5001.017051
5001.117021
5001.217085
5001.317054
5001.417024
5001.517088
5001.617057
5001.717027
5001.817091
5001.917061
5002.017030
5002.117094
5002.217064
5002.317033
5002.417097
5002.517067
5002.617037
5002.717101
5002.817070
5002.917040
5003.017104
5003.117073
5003.217043
5003.317107
5003.417077
5003.517046
5003.617016
5003.717080
5003.817049
5003.917019
5004.017083
5004.117053
5004.217022
5004.317086
5004.417056
5004.517025
5004.617089
5004.717059
5004.817029
5004.917093
5005.017062
5005.117032
5005.217096
5005.317065
5005.417035
5005.517099
5005.617069
5005.717038
5005.817102
5005.917072
5006.017041
5006.117105
5006.217075
5006.317045
5006.417109
5006.517078
5006.617048
5006.717112
5006.817081
5006.917051
5007.017021
5007.117085
5007.217054
5007.317024
5007.417088
5007.517057
5007.617027
5007.717091
5007.817061
5007.917030
5008.017094
5008.117064
5008.217033
5008.317097
5008.417067
5008.517037
5008.617101
5008.717070
5008.817040
5008.917104
5009.017073
5009.117043
5009.217107
5009.317077
5009.417046
5009.517110
5009.617080
5299.122436
5299.184080
5299.248272
5299.535059
5299.551484
5299.644940
5299.719139
5299.725652
5299.997713
5300.082673
5300.232108
5300.285256
5300.463105
5301.093980
5301.115315
5301.146750
5301.164592
5301.213680
5301.452134
5301.751854
5301.797732
5302.624771
5302.752022
5302.831507
5302.840947
5303.018985
5303.027481
5303.032768
5303.143121
5303.160774
5303.175595
5303.215904
5303.404420
5303.466630
5303.490608
5303.495611
5303.561880
5303.573208
5303.634284
5303.639382
5303.777112
5303.926358
5304.191716
5304.201156
5304.381366
5304.388540
5304.718280
5304.844209
5304.982316
5304.992323
5305.040278
5305.230966
5305.337827
5305.424392
5305.513222
5305.686446
5305.695886
5305.714105
5305.944347
5305.953692
5306.400204
5306.435416
5306.444856
5306.483182
5306.520092
5306.657633
5306.793097
5306.811033
5306.819624
5306.992281
5307.127273
5307.133692
5307.154083
5307.202699
5307.226582
5307.235456
5307.256601
5307.324853
5307.451915
5307.461166
5307.843014
5307.884078
5307.895595
5308.014067
5308.072217
5308.078920
5308.213440
5308.221558
5308.259696
5308.264982
5308.380056
5308.400918
5308.408376
5308.678926
5308.720651
5308.768701
5308.803534
5308.827606
5308.832704
5308.933995
5599.120825
5599.182468
5599.246755
5599.533447
5599.549873
5599.643329
5599.717527
5599.724135
5599.996102
5600.081062
5600.230497
5600.283644
5600.461494
5601.092369
5601.113798
5601.145139
5601.163075
5601.212068
5601.450523
5601.750243
5601.796121
5602.623160
5602.750411
5602.829896
5602.839336
5603.017374
5603.025870
5603.031156
5603.141510
5603.159163
5603.173984
5603.214292
5603.402809
5603.465019
5603.488996
5603.494094
5603.560363
5603.571596
5603.632673
5603.637771
5603.775500
5603.924841
5604.190200
5604.199545
5604.379755
5604.386929
5604.716668
5604.842598
5604.980705
5604.990712
5605.038761
5605.229355
5605.336216
5605.422780
5605.511611
5605.684835
5605.694275
5605.712494
5605.942736
5605.952081
5606.398593
5606.433804
5606.443244
5606.481571
5606.518481
5606.656022
5606.791486
5606.809422
5606.818107
5606.990670
5607.125662
5607.132081
5607.152472
5607.201088
5607.224971
5607.233844
5607.254990
5607.323241
5607.450304
5607.459555
5607.841403
5607.882467
5607.893984
5608.012456
5608.070606
5608.077308
5608.211828
5608.220041
5608.258084
5608.263371
5608.378444
5608.399307
5608.406764
5608.677315
5608.719040
5608.767089
5608.801923
5608.825995
5608.831092
5608.932384
5899.366259
5899.401753
5899.566292
5899.661542
5899.770196
5899.835427
5899.970891
5900.078035
5900.149212
5900.177155
5900.287697
5900.393708
5900.455068
5900.537102
5900.722315
5900.779238
5900.865236
5900.927729
5901.017787
5901.080374
5901.116151
5901.193654
5901.364235
5901.549353
5901.613356
5901.666692
5901.781766
5901.824718
5901.967923
5902.076577
5902.156345
5902.218932
5902.245459
5902.362892
5902.572460
5902.644015
5902.687911
5902.992823
5903.133857
5903.171617
5903.211737
5903.264979
5903.320014
5903.431311
5903.480305
5903.635499
5903.809478
5903.848465
5904.010644
5904.091923
5904.192553
5904.214926
5904.329055
5904.559014
5904.622828
5904.690891
5904.775567
5904.880257
5904.970503
5905.073116
5905.165062
5905.271262
5905.468180
5905.554179
5905.594676
5905.629699
5905.715225
5905.740713
5905.935460
5906.036091
5906.160887
5906.320046
5906.463534
5906.565391
5906.636947
5906.779491
5906.910707
5907.003313
5907.132735
5907.360995
5907.375343
5907.421411
5907.520908
5907.598694
5907.688563
5907.810811
5907.912763
5908.020190
5908.120631
5908.239292
5908.321703
5908.395052
5908.524569
5908.692035
5908.775862
5908.857707
5908.941251
5908.948803
5909.045657
5909.154217
6199.716004
6199.773682
6199.802474
6199.813142
6199.875540
6199.883186
6199.987121
6200.019689
6200.079255
6200.119281
6200.156852
6200.186966
6200.240302
6200.291750
6200.338100
6200.419095
6200.514156
6200.554182
6200.582974
6200.652263
6200.718910
6200.727594
6200.737978
6200.867118
6200.913374
6200.924135
6200.975300
6201.003242
6201.030713
6201.077063
6201.196290
6201.229708
6201.238676
6201.252553
6201.278796
6201.337418
6201.371119
6201.425777
6201.461271
6201.491479
6201.531694
6201.636194
6201.654980
6201.715207
6201.755516
6201.820274
6201.843119
6201.887204
6201.948847
6201.968671
6201.992838
6202.050610
6202.122354
6202.159926
6202.194854
6202.218642
6202.268202
6202.280663
6202.367794
6202.389412
6202.447279
6202.475505
6202.528652
6202.556783
6202.580006
6202.620786
6202.678937
6202.725382
6202.783438
6202.822142
6202.888033
6202.918052
6202.948638
6203.006033
6203.046814
6203.113177
6203.125921
6203.196154
6203.234386
6203.286023
6203.358428
6203.399303
6203.433665
6203.481148
6203.613591
6203.733762
6203.817495
6203.861863
6203.907175
6203.966930
6203.996383
6204.033954
6204.068505
6204.128166
6204.137134
6204.165359
6204.220206
6204.237670
6204.274863
6204.421561
6204.467250
6204.517943
6204.549095
6204.587799
6204.611022
6204.636982
6204.679273
6204.757625
6204.811244
6204.891862
6204.980220
6205.019396
6205.072638
6205.145609
6205.219713
6205.254074
6205.315434
6205.331105
6205.373868
6205.428620
6205.472044
6205.508388
6205.537086
6205.586174
6205.642908
6205.728340
6205.807164
6205.925919
6205.999268
6206.076204
6206.185519
6206.231964
6206.268308
6206.327686
6206.392916
6206.442854
6206.563686
6206.594271
6206.638734
6206.690087
6206.754279
6206.804783
6206.827156
6206.880209
6206.931657
6206.966018
6207.052489
6207.133578
6207.184366
6207.260452
6207.311617
6207.356457
6207.388930
6207.405167
6207.425746
6207.462751
6207.476439
6207.491543
6207.560833
6207.618511
6207.628140
6207.640506
6207.714894
6207.730753
6207.784089
6207.822132
6207.881887
6207.915116
6207.944002
6208.012820
6208.050202
6208.087962
6208.134502
6208.208983
6208.254862
6208.320942
6208.358513
6208.378809
6208.512385
6208.521447
6208.552222
6208.614998
6208.709303
6208.741966
6208.812671
6208.917927
6209.010062
6209.022050
6209.041686
6209.067174
6209.090868
6209.108804
6209.135330
6209.170825
6209.275892
6209.374162
6209.429009
6209.509626
6209.593926
6209.688231
6499.114386
6499.172065
6499.200857
6499.211524
6499.273922
6499.281569
6499.385503
6499.418071
6499.477637
6499.517663
6499.555234
6499.585348
6499.638684
6499.690132
6499.736482
6499.817477
6499.912538
6499.952564
6499.981356
6500.050645
6500.117292
6500.125977
6500.136361
6500.265500
6500.311756
6500.322517
6500.373682
6500.401625
6500.429095
6500.475445
6500.594673
6500.628090
6500.637058
6500.650935
6500.677178
6500.735801
6500.769501
6500.824159
6500.859653
6500.889861
6500.930076
6501.034577
6501.053362
6501.113589
6501.153898
6501.218657
6501.241501
6501.285586
6501.347229
6501.367053
6501.391220
6501.448993
6501.520737
6501.558308
6501.593236
6501.617025
6501.666585
6501.679045
6501.766177
6501.787794
6501.845661
6501.873887
6501.927034
6501.955165
6501.978388
6502.019169
6502.077319
6502.123764
6502.181820
6502.220524
6502.286415
6502.316434
6502.347020
6502.404509
6502.445196
6502.511559
6502.524303
6502.594537
6502.632769
6502.684405
6502.756810
6502.797685
6502.832047
6502.879530
6503.011973
6503.132145
6503.215877
6503.260245
6503.305557
6503.365313
6503.394765
6503.432337
6503.466887
6503.526548
6503.535516
6503.563741
6503.618588
6503.636052
6503.673245
6503.819943
6503.865633
6503.916325
6503.947477
6503.986181
6504.009404
6504.035364
6504.077655
6504.156007
6504.209626
6504.290244
6504.378602
6504.417778
6504.471020
6504.543991
6504.618095
6504.652457
6504.713817
6504.729487
6504.772250
6504.827002
6504.870426
6504.906770
6504.935468
6504.984556
6505.041290
6505.126722
6505.205546
6505.324302
6505.397650
6505.474586
6505.583902
6505.630346
6505.666690
6505.726068
6505.791298
6505.841236
6505.962068
6505.992654
6506.037116
6506.088470
6506.152662
6506.203166
6506.225538
6506.278591
6506.330039
6506.364401
6506.450871
6506.531961
6506.582748
6506.658834
6506.709999
6506.754839
6506.787313
6506.803550
6506.824129
6506.861134
6506.874822
6506.889926
6506.959215
6507.016894
6507.026522
6507.038889
6507.113276
6507.129135
6507.182471
6507.220514
6507.280270
6507.313498
6507.342385
6507.411202
6507.448585
6507.486345
6507.532884
6507.607366
6507.653244
6507.719324
6507.756895
6507.777191
6507.910767
6507.919830
6507.950604
6508.013380
6508.107686
6508.140348
6508.211054
6508.316310
6508.408444
6508.420433
6508.440068
6508.465556
6508.489250
6508.507186
6508.533713
6508.569207
6508.674274
6508.772545
6508.827391
6508.908009
6508.992308
6509.086614
6799.307428
6799.373319
6799.730151
6799.782637
6799.788962
6799.849473
6799.856081
6799.986164
6799.994754
6800.045730
6800.151647
6800.167129
6800.256242
6800.353569
6800.359421
6800.442399
6800.451461
6800.540764
6800.549071
6800.621193
6800.635447
6800.832932
6800.877961
6800.887589
6800.906847
6800.957068
6800.964337
6800.982933
6801.077994
6801.086113
6801.205151
6801.210909
6801.219028
6801.259525
6801.286713
6801.385172
6801.393479
6801.476929
6801.483914
6801.507231
6801.582185
6801.635898
6801.778631
6801.807801
6801.815447
6801.915133
6801.924101
6801.930426
6801.935807
6801.949967
6801.989049
6802.204847
6802.210417
6802.278007
6802.286692
6802.371463
6802.395346
6802.458217
6802.479929
6802.537229
6802.568098
6802.575650
6802.621717
6802.728956
6802.735375
6802.807308
6802.875559
6802.882073
6802.976095
6802.982892
6803.072949
6803.083994
6803.174335
6803.180471
6803.263449
6803.279780
6803.311215
6803.318673
6803.341895
6803.396081
6803.401273
6803.523143
6803.602156
6803.613389
6803.651716
6803.661345
6803.732711
6803.785197
6803.792277
6803.824090
6804.041871
6804.048479
6804.059335
6804.128530
6804.160721
6804.172615
6804.316292
6804.349049
6804.356506
6804.368684
6804.375858
6804.399364
6804.472241
6804.484135
6804.594111
6804.600813
6804.711639
6804.781778
6804.787065
6804.824541
6804.831905
6804.839740
6804.939615
6804.957645
6804.964065
6804.978036
6805.036564
6805.279455
6805.318159
6805.514605
6805.523479
6805.590881
6805.721625
6805.729649
6805.754098
6805.848404
6805.856994
6805.867567
6805.993874
6806.086669
6806.117821
6806.152372
6806.184185
6806.197495
6806.203442
6806.214487
6806.328239
6806.334281
6806.409045
6806.442841
6806.449354
6806.517133
6806.589349
6806.656468
6806.664681
6806.674498
6806.868679
6806.928717
6806.934193
6806.969876
6807.016604
6807.060028
6807.206820
6807.250810
6807.278564
6807.314530
6807.322271
6807.389106
6807.451599
6807.563746
6807.569033
6807.575546
6807.598580
6807.603866
6807.617365
6807.685994
6807.779450
6807.789362
6807.877532
6807.932189
6808.123255
6808.129108
6808.134772
6808.152519
6808.159316
6808.189807
6808.211047
6808.217372
6808.223130
6808.231626
6808.319135
6808.326687
6808.422031
6808.431282
6808.511428
6808.576092
6808.607905
6808.718919
6808.727037
6808.769140
6808.805389
6808.820871
6808.838335
6808.851929
6808.968324
6808.976537
6809.022415
6809.215085
6809.222354
7099.705789
7099.755821
7099.805853
7099.855791
7099.905823
7099.955855
7100.005792
7100.055824
7100.105856
7100.155794
7100.205826
7100.255858
7100.305796
7100.355828
7100.405860
7100.455797
7100.505829
7100.555767
7100.605799
7100.655831
7100.705768
7100.755800
7100.805832
7100.855770
7100.905802
7100.955834
7101.005772
7101.055804
7101.105836
7101.155773
7101.205805
7101.255837
7101.305775
7101.355807
7101.405839
7101.455776
7101.505808
7101.555840
7101.605778
7101.655810
7101.705842
7101.755780
7101.805812
7101.855844
7101.905781
7101.955813
7102.005845
7102.055783
7102.105815
7102.155847
7102.205784
7102.255816
7102.305848
7102.355786
7102.405818
7102.455850
7102.505788
7102.555820
7102.605852
7102.655789
7102.705821
7102.755853
7102.805791
7102.855823
7102.905855
7102.955792
7103.005824
7103.055856
7103.105794
7103.155826
7103.205858
7103.255796
7103.305828
7103.355860
7103.405797
7103.455829
7103.505861
7103.555799
7103.605831
7103.655863
7103.705800
7103.755832
7103.805864
7103.855802
7103.905834
7103.955772
7104.005804
7104.055836
7104.105773
7104.155805
7104.205837
7104.255775
7104.305807
7104.355839
7104.405776
7104.455808
7104.505840
7104.555778
7104.605810
7104.655842
7104.705780
7104.755812
7104.805844
7104.855781
7104.905813
7104.955845
7105.005783
7105.055815
7105.105847
7105.155784
7105.205816
7105.255848
7105.305786
7105.355818
7105.405850
7105.455788
7105.505820
7105.555852
7105.605789
7105.655821
7105.705853
7105.755791
7105.805823
7105.855855
7105.905792
7105.955824
7106.005856
7106.055794
7106.105826
7106.155858
7106.205796
7106.255828
7106.305860
7106.355797
7106.405829
7106.455861
7106.505799
7106.555831
7106.605863
7106.655800
7106.705832
7106.755864
7106.805802
7106.855834
7106.905866
7106.955804
7107.005836
7107.055868
7107.105805
7107.155837
7107.205869
7107.255807
7107.305839
7107.355871
7107.405808
7107.455840
7107.505778
7107.555810
7107.605842
7107.655780
7107.705812
7107.755844
7107.805781
7107.855813
7107.905845
7107.955783
7108.005815
7108.055847
7108.105784
7108.155816
7108.205848
7108.255786
7108.305818
7108.355850
7108.405788
7108.455820
7108.505852
7108.555789
7108.605821
7108.655853
7108.705791
7108.755823
7108.805855
7108.855792
7108.905824
7108.955856
7109.005794
7109.055826
7109.105858
7109.155796
7109.205828
7109.255860
7109.305797
7109.355829
7109.405861
7109.455799
7109.505831
7109.555863
7109.605800
7109.655832
7399.309491
7399.367264
7399.396056
7399.406723
7399.469027
7399.476674
7399.580608
7399.613271
7399.672743
7399.712863
7399.750339
7399.780547
7399.833883
7399.885237
7399.931682
7400.012583
7400.107738
7400.147669
7400.176461
7400.245845
7400.312491
7400.321176
7400.331560
7400.460699
7400.506955
7400.517717
7400.568787
7400.596824
7400.624295
7400.670645
7400.789778
7400.823195
7400.832163
7400.846135
7400.872283
7400.930906
7400.964607
7401.019264
7401.054853
7401.085061
7401.125181
7401.229776
7401.248467
7401.308695
7401.349003
7401.413856
7401.436701
7401.480786
7401.542429
7401.562253
7401.586419
7401.644098
7401.715936
7401.753507
7401.788341
7401.812224
7401.861784
7401.874245
7401.961376
7401.982899
7402.040861
7402.069087
7402.122139
7402.150365
7402.173587
7402.214368
7402.272519
7402.318869
7402.377019
7402.415629
7402.481520
7402.511634
7402.542125
7402.599615
7402.640395
7402.706664
7402.719503
7402.789736
7402.827968
7402.879511
7402.952010
7402.992885
7403.027247
7403.074635
7403.207079
7403.327250
7403.411077
7403.455445
7403.500757
7403.560418
7403.589965
7403.627536
7403.662087
7403.721747
7403.730621
7403.758941
7403.813787
7403.831157
7403.868445
7404.015143
7404.060832
7404.111525
7404.142583
7404.181381
7404.204603
7404.230469
7404.272855
7404.351112
7404.404826
7404.485349
7404.573707
7404.612883
7404.666125
7404.739096
7404.813295
7404.847562
7404.908922
7404.924687
7404.967355
7405.022107
7405.065531
7405.101970
7405.130573
7405.179755
7405.236395
7405.321922
7405.400746
7405.519407
7405.592850
7405.669786
7405.779101
7405.825451
7405.861795
7405.921173
7405.986403
7406.036341
7406.157173
7406.187759
7406.232221
7406.283669
7406.347767
7406.398365
7406.420738
7406.473696
7406.525144
7406.559600
7406.646071
7406.727160
7406.777853
7406.853940
7406.905199
7406.950039
7406.982512
7406.998749
7407.019234
7407.056333
7407.070021
7407.085031
7407.154320
7407.212093
7407.221628
7407.233994
7407.308476
7407.324335
7407.377576
7407.415620
7407.475469
7407.508604
7407.537490
7407.606308
7407.643784
7407.681544
7407.727989
7407.802565
7407.848349
7407.914429
7407.952095
7407.972391
7408.105967
7408.115029
7408.145709
7408.208580
7408.302791
7408.335548
7408.406159
7408.511509
7408.603644
7408.615538
7408.635268
7408.660756
7408.684356
7408.702292
7408.728912
7408.764407
7408.869380
7408.967744
7409.022496
7409.103208
7409.187413
7409.281813
7699.302594
7699.310240
7699.315243
7699.359706
7699.369995
7699.483653
7699.816413
7699.844733
7699.851718
7699.865973
7699.936678
7699.982840
7700.028435
7700.072520
7700.135957
7700.318621
7700.325606
7700.330798
7700.337406
7700.355248
7700.382907
7700.394330
7700.608240
7700.630330
7700.681778
7700.809784
7700.815165
7700.853019
7700.905034
7700.969603
7701.008307
7701.013971
7701.028792
7701.043991
7701.142450
7701.162368
7701.167466
7701.174923
7701.226843
7701.255541
7701.280935
7701.303024
7701.322376
7701.392893
7701.782199
7701.790506
7701.861306
7701.948059
7701.985347
7702.078992
7702.098722
7702.111466
7702.204450
7702.219176
7702.237395
7702.246835
7702.459707
7702.656815
7702.665688
7702.804739
7702.810215
7702.835703
7702.843443
7702.879599
7702.900272
7703.001280
7703.006944
7703.027712
7703.193101
7703.214152
7703.354336
7703.376898
7703.418339
7703.647731
7703.666234
7703.958213
7704.001071
7704.055917
7704.062808
7704.194213
7704.280589
7704.352427
7704.429835
7704.457400
7704.463159
7704.470050
7704.575023
7704.589371
7704.766560
7704.783552
7704.788555
7704.804698
7704.832451
7704.839154
7704.863603
7704.943088
7704.948847
7704.954416
7704.978299
7704.985096
7704.998690
7705.004165
7705.018797
7705.079119
7705.128679
7705.189000
7705.210051
7705.215715
7705.328807
7705.345138
7705.350235
7705.356466
7705.361563
7705.371287
7705.430381
7705.458607
7705.474655
7705.502314
7705.699799
7705.705935
7705.714525
7705.866131
7705.968272
7705.978279
7706.026234
7706.033786
7706.039450
7706.045680
7706.054176
7706.097883
7706.104869
7706.110250
7706.128091
7706.183504
7706.188602
7706.198703
7706.206538
7706.213807
7706.236368
7706.262611
7706.482375
7706.674762
7706.679765
7706.702232
7706.769728
7706.784266
7706.812114
7706.881026
7706.900000
7706.907552
7706.919635
7706.930491
7706.996666
7707.016395
7707.055288
7707.075962
7707.168191
7707.215957
7707.275240
7707.302899
7707.308186
7707.313472
7707.320552
7707.372189
7707.425053
7707.434115
7707.462058
7707.638775
7707.643778
7707.717221
7707.724018
7707.851741
7707.859954
7707.982391
7708.218107
7708.282299
7708.301179
7708.306183
7708.426826
7708.506971
7708.624971
7708.633562
7708.809712
7708.816887
7708.920915
7708.985863
7708.993226
7709.015976
7709.024567
7709.035045
7709.047506
7709.053453
7709.070917
7709.162107
7709.168149
7709.226583
7709.240176
7709.268119
7709.275199
7709.283317
7999.300982
7999.366874
7999.723706
7999.776192
7999.782517
7999.843027
7999.849635
7999.979624
7999.988309
8000.039190
8000.145202
8000.160589
8000.249797
8000.347123
8000.352976
8000.435954
8000.445016
8000.534318
8000.542626
8000.614747
8000.629002
8000.826486
8000.871515
8000.881144
8000.900307
8000.950622
8000.957891
8000.976488
8001.071549
8001.079573
8001.198706
8001.204370
8001.212488
8001.253080
8001.280267
8001.378632
8001.387034
8001.470483
8001.477469
8001.500786
8001.575739
8001.629453
8001.772186
8001.801355
8001.809002
8001.908688
8001.917656
8001.923981
8001.929362
8001.943522
8001.982603
8002.198402
8002.203971
8002.271562
8002.280152
8002.365018
8002.388901
8002.451771
8002.473483
8002.530784
8002.561653
8002.569205
8002.615272
8002.722510
8002.728835
8002.800862
8002.869114
8002.875627
8002.969650
8002.976446
8003.066504
8003.077549
8003.167890
8003.173931
8003.257003
8003.273334
8003.304770
8003.312227
8003.335450
8003.389635
8003.394827
8003.516698
8003.595710
8003.606944
8003.645270
8003.654899
8003.726266
8003.778752
8003.785832
8003.817645
8004.035426
8004.042034
8004.052795
8004.122085
8004.154275
8004.166075
8004.309752
8004.342603
8004.350061
8004.362238
8004.369413
8004.392918
8004.465701
8004.477690
8004.587666
8004.594274
8004.705194
8004.775333
8004.780619
8004.818096
8004.825459
8004.833294
8004.933075
8004.951200
8004.957619
8004.971590
8005.030118
8005.273010
8005.311714
8005.508160
8005.516939
8005.584435
8005.715179
8005.723203
8005.747558
8005.841958
8005.850549
8005.861122
8005.987429
8006.080224
8006.111376
8006.145926
8006.177739
8006.191050
8006.196997
8006.208042
8006.321794
8006.327835
8006.402600
8006.436395
8006.442909
8006.510688
8006.582904
8006.650022
8006.658141
8006.668053
8006.862234
8006.922272
8006.927747
8006.963430
8007.010158
8007.053582
8007.200280
8007.244365
8007.272118
8007.308085
8007.315826
8007.382661
8007.445154
8007.557301
8007.562587
8007.569101
8007.592134
8007.597421
8007.610920
8007.679549
8007.773005
8007.782917
8007.871086
8007.925744
8008.116810
8008.122662
8008.128326
8008.146074
8008.152870
8008.183362
8008.204602
8008.210926
8008.216685
8008.225181
8008.312690
8008.320242
8008.415586
8008.424837
8008.504888
8008.569646
8008.601459
8008.712474
8008.720592
8008.762600
8008.798944
8008.814426
8008.831890
8008.845483
8008.961878
8008.970091
8009.015970
8009.208546
8009.215909
8299.299371
8299.365168
8299.722094
8299.774581
8299.780905
8299.841416
8299.848024
8299.978013
8299.986697
8300.037579
8300.143590
8300.158977
8300.248185
8300.345512
8300.351365
8300.434342
8300.443405
8300.532613
8300.541014
8300.613136
8300.627390
8300.824875
8300.869904
8300.879533
8300.898696
8300.949011
8300.956280
8300.974877
8301.069937
8301.077961
8301.197094
8301.202758
8301.210877
8301.251469
8301.278656
8301.377021
8301.385422
8301.468872
8301.475857
8301.499174
8301.574128
8301.627841
8301.770574
8301.799744
8301.807390
8301.907077
8301.916045
8301.922369
8301.927750
8301.941910
8301.980992
8302.196790
8302.202360
8302.269950
8302.278541
8302.363406
8302.387195
8302.450160
8302.471872
8302.529173
8302.560041
8302.567593
8302.613661
8302.720899
8302.727224
8302.799251
8302.867502
8302.874016
8302.968038
8302.974835
8303.064893
8303.075937
8303.166278
8303.172320
8303.255297
8303.271723
8303.303158
8303.310616
8303.333838
8303.388024
8303.393216
8303.515086
8303.594099
8303.605238
8303.643659
8303.653288
8303.724654
8303.777141
8303.784221
8303.816033
8304.033814
8304.040422
8304.051184
8304.120473
8304.152664
8304.164464
8304.308141
8304.340992
8304.348449
8304.360627
8304.367801
8304.391307
8304.464089
8304.476078
8304.586054
8304.592662
8304.703582
8304.773721
8304.779008
8304.816485
8304.823848
8304.831683
8304.931464
8304.949589
8304.956008
8304.969979
8305.028507
8305.271398
8305.310102
8305.506549
8305.515328
8305.582824
8305.713568
8305.721592
8305.745947
8305.840347
8305.848937
8305.859510
8305.985817
8306.078518
8306.109765
8306.144315
8306.176128
8306.189438
8306.195385
8306.206430
8306.320182
8306.326224
8306.400989
8306.434784
8306.441203
8306.509077
8306.581293
8306.648411
8306.656529
8306.666441
8306.860622
8306.920661
8306.926136
8306.961819
8307.008547
8307.051971
8307.198669
8307.242753
8307.270507
8307.306473
8307.314214
8307.381049
8307.443542
8307.555689
8307.560976
8307.567489
8307.590523
8307.595809
8307.609309
8307.677937
8307.771393
8307.781305
8307.869475
8307.924133
8308.115198
8308.121051
8308.126715
8308.144462
8308.151259
8308.181750
8308.202990
8308.209315
8308.215073
8308.223569
8308.311078
8308.318630
8308.413974
8308.423225
8308.503277
8308.568035
8308.599848
8308.710862
8308.718981
8308.760989
8308.797333
8308.812814
8308.830278
8308.843872
8308.960267
8308.968480
8309.014264
8309.206934
8309.214298
8598.897787
8598.947724
8598.997756
8599.047788
8599.097726
8599.147758
8599.197696
8599.247728
8599.297760
8599.347697
8599.397729
8599.447761
8599.497699
8599.547731
8599.597763
8599.647700
8599.697732
8599.747764
8599.797702
8599.847734
8599.897766
8599.947704
8599.997736
8600.047768
8600.097705
8600.147737
8600.197769
8600.247707
8600.297739
8600.347771
8600.397708
8600.447740
8600.497772
8600.547710
8600.597742
8600.647774
8600.697712
8600.747744
8600.797776
8600.847713
8600.897745
8600.947777
8600.997715
8601.047747
8601.097779
8601.147716
8601.197748
8601.247780
8601.297718
8601.347750
8601.397782
8601.447720
8601.497752
8601.547784
8601.597721
8601.647753
8601.697785
8601.747723
8601.797755
8601.847787
8601.897724
8601.947756
8601.997788
8602.047726
8602.097758
8602.147790
8602.197728
8602.247760
8602.297792
8602.347729
8602.397761
8602.447793
8602.497731
8602.547763
8602.597795
8602.647732
8602.697764
8602.747702
8602.797734
8602.847766
8602.897704
8602.947736
8602.997768
8603.047705
8603.097737
8603.147769
8603.197707
8603.247739
8603.297771
8603.347708
8603.397740
8603.447773
8603.497710
8603.547742
8603.597774
8603.647712
8603.697744
8603.747776
8603.797713
8603.847745
8603.897777
8603.947715
8603.997747
8604.047779
8604.097717
8604.147749
8604.197781
8604.247718
8604.297750
8604.347782
8604.397720
8604.447752
8604.497784
8604.547721
8604.597753
8604.647785
8604.697723
8604.747755
8604.797787
8604.847725
8604.897757
8604.947789
8604.997726
8605.047758
8605.097790
8605.147728
8605.197760
8605.247792
8605.297729
8605.347761
8605.397793
8605.447731
8605.497763
8605.547795
8605.597733
8605.647765
8605.697797
8605.747734
8605.797766
8605.847798
8605.897736
8605.947768
8605.997800
8606.047737
8606.097769
8606.147801
8606.197739
8606.247771
8606.297709
8606.347741
8606.397773
8606.447710
8606.497742
8606.547774
8606.597712
8606.647744
8606.697776
8606.747713
8606.797745
8606.847777
8606.897715
8606.947747
8606.997779
8607.047717
8607.097749
8607.147781
8607.197718
8607.247750
8607.297782
8607.347720
8607.397752
8607.447784
8607.497721
8607.547753
8607.597785
8607.647723
8607.697755
8607.747787
8607.797725
8607.847757
8607.897789
8607.947726
8607.997758
8608.047790
8608.097728
8608.147760
8608.197792
8608.247729
8608.297761
8608.347793
8608.397731
8608.447763
8608.497795
8608.547733
8608.597765
8608.647797
8608.697734
8608.747766
8608.797798
8608.847736
8899.096115
8899.103761
8899.108764
8899.153227
8899.163611
8899.277174
8899.609934
8899.638348
8899.645334
8899.659588
8899.730294
8899.776456
8899.822051
8899.866136
8899.929572
8900.112236
8900.119128
8900.124414
8900.131022
8900.148769
8900.176428
8900.187945
8900.401761
8900.423945
8900.475393
8900.603400
8900.608686
8900.646540
8900.698649
8900.763219
8900.801923
8900.807492
8900.822313
8900.837606
8900.936065
8900.955889
8900.961081
8900.968539
8901.020459
8901.049156
8901.074550
8901.096545
8901.115992
8901.186508
8901.575814
8901.584121
8901.654921
8901.741580
8901.778868
8901.872608
8901.892337
8901.904987
8901.997971
8902.012697
8902.030916
8902.040451
8902.253323
8902.450336
8902.459209
8902.598355
8902.603830
8902.629318
8902.637059
8902.673120
8902.693888
8902.794801
8902.800560
8902.821233
8902.986716
8903.007673
8903.147857
8903.170513
8903.211955
8903.441252
8903.459849
8903.751734
8903.794686
8903.849438
8903.856424
8903.987734
8904.074204
8904.146043
8904.223356
8904.251016
8904.256680
8904.263665
8904.368544
8904.382987
8904.560081
8904.577073
8904.582076
8904.598219
8904.625972
8904.632769
8904.657219
8904.736704
8904.742368
8904.747937
8904.771820
8904.778712
8904.792305
8904.797780
8904.812318
8904.872640
8904.922200
8904.982616
8905.003667
8905.009236
8905.122328
8905.138659
8905.143851
8905.150081
8905.155084
8905.164808
8905.223996
8905.252128
8905.268176
8905.295929
8905.493414
8905.499456
8905.508140
8905.659747
8905.761793
8905.771800
8905.819849
8905.827401
8905.833065
8905.839201
8905.847697
8905.891404
8905.898484
8905.903865
8905.921707
8905.977025
8905.982123
8905.992318
8906.000059
8906.007422
8906.029984
8906.056132
8906.275990
8906.468377
8906.473380
8906.495753
8906.563249
8906.577787
8906.605729
8906.674547
8906.693616
8906.701168
8906.713251
8906.724107
8906.790187
8906.809916
8906.848809
8906.869577
8906.961712
8907.009478
8907.068856
8907.096420
8907.101707
8907.107088
8907.114168
8907.165710
8907.218574
8907.227731
8907.255579
8907.432390
8907.437393
8907.510836
8907.517633
8907.645356
8907.653569
8907.776006
8908.011628
8908.075915
8908.094700
8908.099798
8908.220441
8908.300492
8908.418587
8908.427083
8908.603328
8908.610408
8908.714436
8908.779384
8908.786841
8908.809592
8908.818182
8908.828660
8908.841027
8908.846974
8908.864532
8908.955628
8908.961670
8909.020104
8909.033697
8909.061640
8909.068814
8909.076838
9199.094598
9199.102244
9199.107247
9199.151710
9199.161999
9199.275657
9199.608417
9199.636737
9199.643723
9199.657977
9199.728683
9199.774844
9199.820439
9199.864619
9199.928055
9200.110625
9200.117611
9200.122803
9200.129411
9200.147252
9200.174911
9200.186334
9200.400244
9200.422334
9200.473782
9200.601788
9200.607169
9200.645023
9200.697038
9200.761607
9200.800311
9200.805975
9200.820796
9200.835995
9200.934454
9200.954372
9200.959470
9200.966927
9201.018847
9201.047639
9201.072939
9201.095028
9201.114380
9201.184897
9201.574203
9201.582510
9201.653310
9201.740063
9201.777351
9201.870996
9201.890820
9201.903470
9201.996454
9202.011180
9202.029399
9202.038839
9202.251711
9202.448819
9202.457692
9202.596743
9202.602219
9202.627707
9202.635447
9202.671603
9202.692276
9202.793284
9202.798948
9202.819716
9202.985105
9203.006156
9203.146340
9203.168902
9203.210343
9203.439735
9203.458238
9203.750217
9203.793075
9203.847921
9203.854812
9203.986217
9204.072593
9204.144431
9204.221839
9204.249404
9204.255163
9204.262054
9204.367027
9204.381375
9204.558564
9204.575556
9204.580559
9204.596702
9204.624455
9204.631158
9204.655607
9204.735092
9204.740851
9204.746420
9204.770303
9204.777100
9204.790694
9204.796169
9204.810801
9204.871123
9204.920683
9204.981004
9205.002055
9205.007719
9205.120811
9205.137142
9205.142239
9205.148564
9205.153567
9205.163291
9205.222385
9205.250611
9205.266659
9205.294318
9205.491803
9205.497939
9205.506529
9205.658135
9205.760276
9205.770283
9205.818238
9205.825790
9205.831454
9205.837684
9205.846180
9205.889887
9205.896967
9205.902254
9205.920095
9205.975508
9205.980606
9205.990707
9205.998542
9206.005811
9206.028372
9206.054615
9206.274379
9206.466766
9206.471769
9206.494236
9206.561732
9206.576270
9206.604118
9206.673030
9206.692004
9206.699556
9206.711639
9206.722495
9206.788670
9206.808399
9206.847292
9206.867966
9206.960195
9207.007961
9207.067244
9207.094903
9207.100190
9207.105476
9207.112556
9207.164193
9207.217057
9207.226119
9207.254062
9207.430779
9207.435782
9207.509225
9207.516022
9207.643745
9207.651958
9207.774395
9208.010111
9208.074303
9208.093183
9208.098187
9208.218830
9208.298975
9208.417070
9208.425566
9208.601716
9208.608891
9208.712919
9208.777867
9208.785230
9208.807980
9208.816571
9208.827049
9208.839510
9208.845457
9208.862921
9208.954111
9208.960153
9209.018587
9209.032180
9209.060123
9209.067203
9209.075321
9499.092986
9499.100633
9499.105636
9499.150193
9499.160482
9499.274046
9499.606806
9499.635220
9499.642206
9499.656460
9499.727166
9499.773327
9499.818922
9499.863007
9499.926444
9500.109108
9500.116094
9500.121286
9500.127894
9500.145735
9500.173394
9500.184817
9500.398633
9500.420817
9500.472265
9500.600271
9500.605558
9500.643412
9500.695521
9500.760090
9500.798794
9500.804364
9500.819279
9500.834478
9500.932937
9500.952761
9500.957953
9500.965410
9501.017330
9501.046028
9501.071422
9501.093417
9501.112863
9501.183380
9501.572686
9501.580993
9501.651793
9501.738452
9501.775740
9501.869479
9501.889209
9501.901858
9501.994842
9502.009569
9502.027882
9502.037322
9502.250194
9502.447207
9502.456081
9502.595226
9502.600702
9502.626190
9502.633930
9502.670086
9502.690759
9502.791767
9502.797431
9502.818105
9502.983588
9503.004545
9503.144823
9503.167385
9503.208826
9503.438124
9503.456721
9503.748606
9503.791558
9503.846404
9503.853295
9503.984606
9504.071076
9504.142914
9504.220322
9504.247887
9504.253551
9504.260537
9504.365415
9504.379858
9504.557047
9504.573945
9504.578948
9504.595185
9504.622844
9504.629641
9504.654090
9504.733575
9504.739239
9504.744809
9504.768786
9504.775583
9504.789177
9504.794652
9504.809284
9504.869511
9504.919071
9504.979487
9505.000538
9505.006108
9505.119199
9505.135530
9505.140722
9505.146953
9505.151956
9505.161679
9505.220868
9505.248999
9505.265047
9505.292801
9505.490286
9505.496327
9505.505012
9505.656618
9505.758665
9505.768671
9505.816721
9505.824273
9505.829937
9505.836167
9505.844569
9505.888370
9505.895356
9505.900737
9505.918578
9505.973897
9505.978995
9505.989190
9505.997025
9506.004294
9506.026855
9506.053004
9506.272862
9506.465249
9506.470252
9506.492625
9506.560121
9506.574753
9506.602601
9506.671419
9506.690487
9506.698039
9506.710123
9506.720979
9506.787153
9506.806788
9506.845681
9506.866449
9506.958583
9507.006350
9507.065727
9507.093387
9507.098673
9507.103959
9507.111039
9507.162582
9507.215446
9507.224603
9507.252451
9507.429262
9507.434265
9507.507708
9507.514505
9507.642228
9507.650441
9507.772878
9508.008595
9508.072787
9508.091667
9508.096670
9508.217313
9508.297364
9508.415459
9508.423955
9508.600199
9508.607374
9508.711308
9508.776255
9508.783713
9508.806463
9508.815054
9508.825532
9508.837899
9508.843846
9508.861404
9508.952595
9508.958542
9509.017070
9509.030569
9509.058511
9509.065686
9509.073710
9799.091469
9799.157266
9799.514193
9799.566679
9799.573004
9799.633514
9799.640122
9799.770111
9799.778796
9799.829677
9799.935689
9799.951076
9800.040284
9800.137610
9800.143463
9800.226441
9800.235503
9800.324711
9800.333113
9800.405234
9800.419489
9800.616974
9800.662002
9800.671631
9800.690794
9800.741110
9800.748378
9800.766975
9800.862036
9800.870060
9800.989193
9800.994857
9801.002975
9801.043567
9801.070754
9801.169119
9801.177521
9801.260970
9801.267956
9801.291273
9801.366226
9801.419940
9801.562673
9801.591842
9801.599489
9801.699175
9801.708143
9801.714468
9801.719849
9801.734009
9801.773090
9801.988889
9801.994458
9802.062049
9802.070639
9802.155505
9802.179294
9802.242258
9802.263970
9802.321271
9802.352140
9802.359692
9802.405759
9802.512998
9802.519322
9802.591350
9802.659601
9802.666114
9802.760137
9802.766934
9802.856991
9802.868036
9802.958377
9802.964418
9803.047396
9803.063822
9803.095257
9803.102714
9803.125937
9803.180122
9803.185314
9803.307185
9803.386198
9803.397337
9803.435758
9803.445386
9803.516753
9803.569239
9803.576319
9803.608132
9803.825913
9803.832521
9803.843282
9803.912572
9803.944762
9803.956562
9804.100239
9804.133090
9804.140548
9804.152726
9804.159900
9804.183406
9804.256188
9804.268177
9804.378153
9804.384761
9804.495681
9804.565820
9804.571106
9804.608583
9804.615946
9804.623782
9804.723562
9804.741687
9804.748106
9804.762078
9804.820606
9805.063497
9805.102201
9805.298647
9805.307426
9805.374922
9805.505666
9805.513690
9805.538046
9805.632446
9805.641036
9805.651609
9805.777916
9805.870617
9805.901863
9805.936414
9805.968226
9805.981537
9805.987484
9805.998529
9806.112281
9806.118322
9806.193087
9806.226882
9806.233302
9806.301175
9806.373391
9806.440510
9806.448628
9806.458540
9806.652721
9806.712759
9806.718234
9806.753918
9806.800646
9806.844070
9806.990767
9807.034852
9807.062606
9807.098572
9807.106313
9807.173148
9807.235641
9807.347788
9807.353074
9807.359588
9807.382622
9807.387908
9807.401407
9807.470036
9807.563492
9807.573404
9807.661479
9807.716231
9807.907297
9807.913150
9807.918814
9807.936561
9807.943358
9807.973849
9807.995089
9808.001414
9808.007172
9808.015668
9808.103177
9808.110729
9808.206073
9808.215324
9808.295375
9808.360134
9808.391946
9808.502961
9808.511079
9808.553087
9808.589431
9808.604913
9808.622377
9808.635970
9808.752366
9808.760578
9808.806362
9808.999033
9809.006396
10099.089858
10099.139890
10099.189828
10099.239860
10099.289892
10099.339829
10099.389861
10099.439893
10099.489831
10099.539863
10099.589895
10099.639833
10099.689865
10099.739897
10099.789834
10099.839866
10099.889898
10099.939836
10099.989868
10100.039900
10100.089837
10100.139869
10100.189901
10100.239839
10100.289871
10100.339903
10100.389841
10100.439873
10100.489905
10100.539842
10100.589874
10100.639906
10100.689844
10100.739876
10100.789908
10100.839845
10100.889877
10100.939909
10100.989847
10101.039879
10101.089817
10101.139849
10101.189881
10101.239818
10101.289850
10101.339882
10101.389820
10101.439852
10101.489884
10101.539821
10101.589853
10101.639885
10101.689823
10101.739855
10101.789887
10101.839825
10101.889857
10101.939889
10101.989826
10102.039858
10102.089890
10102.139828
10102.189860
10102.239892
10102.289829
10102.339861
10102.389893
10102.439831
10102.489863
10102.539895
10102.589833
10102.639865
10102.689897
10102.739834
10102.789866
10102.839898
10102.889836
10102.939868
10102.989900
10103.039837
10103.089869
10103.139901
10103.189839
10103.239871
10103.289903
10103.339841
10103.389873
10103.439905
10103.489842
10103.539874
10103.589906
10103.639844
10103.689876
10103.739908
10103.789845
10103.839877
10103.889909
10103.939847
10103.989879
10104.039911
10104.089849
10104.139881
10104.189913
10104.239850
10104.289882
10104.339914
10104.389852
10104.439884
10104.489916
10104.539853
10104.589885
10104.639823
10104.689855
10104.739887
10104.789825
10104.839857
10104.889889
10104.939826
10104.989858
10105.039890
10105.089828
10105.139860
10105.189892
10105.239829
10105.289861
10105.339893
10105.389831
10105.439863
10105.489895
10105.539833
10105.589865
10105.639897
10105.689834
10105.739866
10105.789898
10105.839836
10105.889868
10105.939900
10105.989837
10106.039869
10106.089901
10106.139839
10106.189871
10106.239903
10106.289841
10106.339873
10106.389905
10106.439842
10106.489874
10106.539906
10106.589844
10106.639876
10106.689908
10106.739845
10106.789877
10106.839909
10106.889847
10106.939879
10106.989911
10107.039849
10107.089881
10107.139913
10107.189850
10107.239882
10107.289914
10107.339852
10107.389884
10107.439916
10107.489853
10107.539885
10107.589917
10107.639855
10107.689887
10107.739919
10107.789857
10107.839889
10107.889921
10107.939858
10107.989890
10108.039922
10108.089860
10108.139892
10108.189829
10108.239861
10108.289893
10108.339831
10108.389863
10108.439895
10108.489833
10108.539865
10108.589897
10108.639834
10108.689866
10108.739898
10108.789836
10108.839868
10108.889900
10108.939837
10108.989869
10109.039901
10399.088247
10399.095893
10399.100896
10399.145359
10399.155743
10399.269306
10399.602066
10399.630386
10399.637466
10399.651626
10399.722332
10399.768588
10399.814183
10399.858268
10399.921704
10400.104368
10400.111260
10400.116452
10400.123154
10400.140901
10400.168560
10400.180077
10400.393893
10400.416077
10400.467431
10400.595532
10400.600818
10400.638672
10400.690687
10400.755351
10400.794055
10400.799624
10400.814445
10400.829738
10400.928197
10400.948021
10400.953213
10400.960576
10401.012496
10401.041288
10401.066588
10401.088677
10401.108124
10401.178640
10401.567852
10401.576159
10401.647053
10401.733712
10401.771000
10401.864740
10401.884469
10401.897119
10401.990103
10402.004829
10402.023048
10402.032488
10402.245455
10402.442468
10402.451341
10402.590487
10402.595962
10402.621450
10402.629191
10402.665252
10402.686020
10402.786933
10402.792692
10402.813365
10402.978754
10402.999805
10403.139989
10403.162551
10403.203992
10403.433384
10403.451981
10403.743866
10403.786818
10403.841570
10403.848556
10403.979866
10404.066242
10404.138175
10404.215488
10404.243148
10404.248812
10404.255797
10404.360676
10404.375024
10404.552213
10404.569205
10404.574208
10404.590351
10404.618104
10404.624901
10404.649256
10404.728836
10404.734500
10404.740069
10404.763952
10404.770844
10404.784343
10404.789912
10404.804450
10404.864772
10404.914332
10404.974653
10404.995799
10405.001368
10405.114460
10405.130791
10405.135983
10405.142213
10405.147216
10405.156940
10405.216128
10405.244260
10405.260308
10405.288061
10405.485546
10405.491588
10405.500178
10405.651784
10405.753925
10405.763932
10405.811981
10405.819439
10405.825103
10405.831333
10405.839829
10405.883536
10405.890616
10405.895903
10405.913839
10405.969157
10405.974255
10405.984450
10405.992191
10405.999554
10406.022116
10406.048264
10406.268122
10406.460415
10406.465512
10406.487885
10406.555381
10406.569919
10406.597767
10406.666679
10406.685748
10406.693205
10406.705383
10406.716144
10406.782319
10406.802048
10406.840941
10406.861709
10406.953844
10407.001610
10407.060988
10407.088552
10407.093839
10407.099220
10407.106300
10407.157842
10407.210706
10407.219863
10407.247711
10407.424428
10407.429525
10407.502968
10407.509765
10407.637488
10407.645607
10407.768138
10408.003760
10408.068047
10408.086832
10408.091930
10408.212573
10408.292624
10408.410719
10408.419215
10408.595460
10408.602540
10408.706569
10408.771516
10408.778973
10408.801724
10408.810220
10408.820793
10408.833159
10408.839106
10408.856570
10408.947761
10408.953802
10409.012236
10409.025829
10409.053772
10409.060852
10409.068970
10699.092016
10699.149695
10699.178487
10699.189154
10699.251552
10699.259199
10699.363133
10699.395701
10699.455267
10699.495293
10699.532864
10699.562978
10699.616314
10699.667762
10699.714112
10699.795107
10699.890168
10699.930194
10699.958986
10700.028275
10700.094922
10700.103607
10700.113991
10700.243130
10700.289386
10700.300147
10700.351312
10700.379255
10700.406725
10700.453075
10700.572303
10700.605720
10700.614688
10700.628565
10700.654808
10700.713431
10700.747131
10700.801789
10700.837283
10700.867491
10700.907706
10701.012207
10701.030992
10701.091219
10701.131528
10701.196287
10701.219131
10701.263216
10701.324859
10701.344683
10701.368850
10701.426623
10701.498367
10701.535938
10701.570866
10701.594655
10701.644215
10701.656675
10701.743807
10701.765424
10701.823291
10701.851517
10701.904664
10701.932795
10701.956018
10701.996799
10702.054949
10702.101394
10702.159450
10702.198154
10702.264045
10702.294064
10702.324650
10702.382139
10702.422826
10702.489189
10702.501933
10702.572167
10702.610399
10702.662035
10702.734440
10702.775315
10702.809677
10702.857160
10702.989604
10703.109775
10703.193508
10703.237876
10703.283188
10703.342943
10703.372396
10703.409967
10703.444517
10703.504178
10703.513146
10703.541372
10703.596218
10703.613682
10703.650876
10703.797573
10703.843263
10703.893956
10703.925108
10703.963812
10703.987034
10704.012994
10704.055285
10704.133637
10704.187256
10704.267874
10704.356232
10704.395408
10704.448650
10704.521621
10704.595725
10704.630087
10704.691447
10704.707117
10704.749880
10704.804632
10704.848056
10704.884400
10704.913098
10704.962186
10705.018920
10705.104352
10705.183176
10705.301932
10705.375280
10705.452216
10705.561532
10705.607976
10705.644320
10705.703698
10705.768928
10705.818866
10705.939698
10705.970284
10706.014746
10706.066100
10706.130292
10706.180796
10706.203168
10706.256221
10706.307669
10706.342031
10706.428501
10706.509591
10706.560378
10706.636464
10706.687629
10706.732469
10706.764943
10706.781180
10706.801759
10706.838764
10706.852452
10706.867556
10706.936845
10706.994524
10707.004152
10707.016519
10707.090906
10707.106765
10707.160101
10707.198144
10707.257900
10707.291128
10707.320015
10707.388832
10707.426215
10707.463975
10707.510514
10707.584996
10707.630874
10707.696954
10707.734525
10707.754821
10707.888397
10707.897460
10707.928234
10707.991010
10708.085316
10708.117978
10708.188684
10708.293940
10708.386074
10708.398063
10708.417698
10708.443186
10708.466880
10708.484816
10708.511343
10708.546837
10708.651904
10708.750175
10708.805021
10708.885639
10708.969938
10709.064244
10999.085024
10999.135056
10999.185088
10999.235026
10999.285058
10999.335090
10999.385027
10999.435059
10999.485091
10999.535029
10999.585061
10999.635093
10999.685031
10999.735063
10999.785095
10999.835032
10999.885064
10999.935096
10999.985034
11000.035066
11000.085098
11000.135035
11000.185067
11000.235099
11000.285037
11000.335069
11000.385101
11000.435039
11000.485071
11000.535103
11000.585040
11000.635072
11000.685104
11000.735042
11000.785074
11000.835106
11000.885043
11000.935075
11000.985107
11001.035045
11001.085077
11001.135015
11001.185047
11001.235079
11001.285016
11001.335048
11001.385080
11001.435018
11001.485050
11001.535082
11001.585019
11001.635051
11001.685083
11001.735021
11001.785053
11001.835085
11001.885023
11001.935055
11001.985087
11002.035024
11002.085056
11002.135088
11002.185026
11002.235058
11002.285090
11002.335027
11002.385059
11002.435091
11002.485029
11002.535061
11002.585093
11002.635031
11002.685063
11002.735095
11002.785032
11002.835064
11002.885096
11002.935034
11002.985066
11003.035098
11003.085035
11003.135067
11003.185099
11003.235037
11003.285069
11003.335101
11003.385039
11003.435071
11003.485103
11003.535040
11003.585072
11003.635104
11003.685042
11003.735074
11003.785106
11003.835043
11003.885075
11003.935107
11003.985045
11004.035077
11004.085109
11004.135047
11004.185079
11004.235111
11004.285048
11004.335080
11004.385112
11004.435050
11004.485082
11004.535114
11004.585051
11004.635083
11004.685021
11004.735053
11004.785085
11004.835023
11004.885055
11004.935087
11004.985024
11005.035056
11005.085088
11005.135026
11005.185058
11005.235090
11005.285027
11005.335059
11005.385091
11005.435029
11005.485061
11005.535093
11005.585031
11005.635063
11005.685095
11005.735032
11005.785064
11005.835096
11005.885034
11005.935066
11005.985098
11006.035035
11006.085067
11006.135099
11006.185037
11006.235069
11006.285101
11006.335039
11006.385071
11006.435103
11006.485040
11006.535072
11006.585104
11006.635042
11006.685074
11006.735106
11006.785043
11006.835075
11006.885107
11006.935045
11006.985077
11007.035109
11007.085047
11007.135079
11007.185111
11007.235048
11007.285080
11007.335112
11007.385050
11007.435082
11007.485114
11007.535051
11007.585083
11007.635115
11007.685053
11007.735085
11007.785117
11007.835055
11007.885087
11007.935119
11007.985056
11008.035088
11008.085120
11008.135058
11008.185090
11008.235027
11008.285059
11008.335091
11008.385029
11008.435061
11008.485093
11008.535031
11008.585063
11008.635095
11008.685032
11008.735064
11008.785096
11008.835034
11008.885066
11008.935098
11008.985035
11009.035067
11299.283446
11299.333478
11299.383416
11299.433448
11299.483480
11299.533418
11299.583450
11299.633482
11299.683419
11299.733451
11299.783483
11299.833421
11299.883453
11299.933485
11299.983422
11300.033454
11300.083486
11300.133424
11300.183456
11300.233488
11300.283426
11300.333458
11300.383490
11300.433427
11300.483459
11300.533491
11300.583429
11300.633461
11300.683493
11300.733430
11300.783462
11300.833494
11300.883432
11300.933464
11300.983496
11301.033434
11301.083466
11301.133498
11301.183435
11301.233467
11301.283499
11301.333437
11301.383469
11301.433501
11301.483438
11301.533470
11301.583502
11301.633440
11301.683472
11301.733504
11301.783442
11301.833474
11301.883411
11301.933443
11301.983475
11302.033413
11302.083445
11302.133477
11302.183414
11302.233446
11302.283478
11302.333416
11302.383448
11302.433480
11302.483418
11302.533450
11302.583482
11302.633419
11302.683451
11302.733483
11302.783421
11302.833453
11302.883485
11302.933422
11302.983454
11303.033486
11303.083424
11303.133456
11303.183488
11303.233426
11303.283458
11303.333490
11303.383427
11303.433459
11303.483491
11303.533429
11303.583461
11303.633493
11303.683430
11303.733462
11303.783494
11303.833432
11303.883464
11303.933496
11303.983434
11304.033466
11304.083498
11304.133435
11304.183467
11304.233499
11304.283437
11304.333469
11304.383501
11304.433438
11304.483470
11304.533502
11304.583440
11304.633472
11304.683504
11304.733442
11304.783474
11304.833506
11304.883443
11304.933475
11304.983507
11305.033445
11305.083477
11305.133509
11305.183446
11305.233478
11305.283510
11305.333448
11305.383480
11305.433418
11305.483450
11305.533482
11305.583419
11305.633451
11305.683483
11305.733421
11305.783453
11305.833485
11305.883422
11305.933454
11305.983486
11306.033424
11306.083456
11306.133488
11306.183426
11306.233458
11306.283490
11306.333427
11306.383459
11306.433491
11306.483429
11306.533461
11306.583493
11306.633430
11306.683462
11306.733494
11306.783432
11306.833464
11306.883496
11306.933434
11306.983466
11307.033498
11307.083435
11307.133467
11307.183499
11307.233437
11307.283469
11307.333501
11307.383438
11307.433470
11307.483502
11307.533440
11307.583472
11307.633504
11307.683442
11307.733474
11307.783506
11307.833443
11307.883475
11307.933507
11307.983445
11308.033477
11308.083509
11308.133446
11308.183478
11308.233510
11308.283448
11308.333480
11308.383512
11308.433450
11308.483482
11308.533514
11308.583451
11308.633483
11308.683515
11308.733453
11308.783485
11308.833422
11308.883454
11308.933486
11308.983424
11309.033456
11309.083488
11309.133426
11309.183458
11309.233490
11601.881800
11601.947691
11602.304523
11602.357009
11602.363429
11602.423939
11602.430547
11602.560536
11602.569126
11602.620102
11602.726019
11602.741501
11602.830614
11602.927941
11602.933793
11603.016865
11603.025928
11603.115136
11603.123537
11603.195659
11603.209913
11603.407304
11603.452333
11603.462056
11603.481219
11603.531534
11603.538709
11603.557305
11603.652366
11603.660485
11603.779617
11603.785281
11603.793400
11603.833897
11603.861179
11603.959544
11603.967851
11604.051301
11604.058381
11604.081697
11604.156651
11604.210270
11604.353003
11604.382267
11604.389819
11604.489505
11604.498568
11604.504893
11604.510273
11604.524433
11604.563515
11604.779219
11604.784883
11604.852473
11604.861064
11604.945835
11604.969718
11605.032683
11605.054395
11605.111696
11605.142470
11605.150022
11605.196184
11605.303328
11605.309747
11605.381680
11605.450026
11605.456539
11605.550467
11605.557264
11605.647416
11605.658366
11605.748802
11605.754843
11605.837821
11605.854246
11605.885587
11605.893045
11605.916362
11605.970547
11605.975739
11606.097515
11606.176528
11606.187762
11606.226182
11606.235811
11606.307083
11606.359664
11606.366744
11606.398462
11606.616243
11606.622851
11606.633707
11606.702997
11606.735187
11606.746987
11606.890664
11606.923421
11606.930973
11606.943056
11606.950230
11606.973736
11607.046613
11607.058507
11607.168483
11607.175186
11607.286011
11607.356150
11607.361531
11607.398914
11607.406371
11607.414112
11607.513987
11607.532018
11607.538437
11607.552408
11607.610936
11607.853827
11607.892626
11608.088978
11608.097851
11608.165253
11608.295997
11608.304115
11608.328470
11608.422776
11608.431461
11608.442034
11608.568246
11608.661042
11608.692288
11608.726838
11608.758651
11608.771962
11608.777814
11608.788954
11608.902706
11608.908653
11608.983418
11609.017213
11609.023726
11609.091600
11609.163816
11609.230934
11609.239053
11609.248965
11609.443146
11609.503184
11609.508659
11609.544342
11609.591070
11609.634400
11609.781192
11609.825277
11609.853030
11609.888902
11609.896738
11609.963478
11610.025971
11610.138118
11610.143499
11610.149918
11610.172952
11610.178333
11610.191738
11610.260366
11610.353917
11610.363829
11610.451904
11610.506562
11610.697722
11610.703574
11610.709238
11610.726986
11610.733688
11610.764274
11610.785514
11610.791838
11610.797597
11610.806093
11610.893507
11610.901154
11610.996498
11611.005654
11611.085800
11611.150558
11611.182277
11611.293386
11611.301504
11611.343512
11611.379856
11611.395243
11611.412802
11611.426301
11611.542696
11611.551003
11611.596787
11611.789458
11611.796726
11899.085571
11899.143344
11899.172041
11899.182708
11899.245107
11899.252753
11899.356688
11899.389350
11899.448822
11899.488942
11899.526419
11899.556532
11899.609963
11899.661317
11899.707667
11899.788662
11899.883817
11899.923749
11899.952541
11900.021830
11900.088571
11900.097161
11900.107640
11900.236779
11900.283035
11900.293702
11900.344867
11900.372809
11900.400280
11900.446725
11900.565857
11900.599275
11900.608243
11900.622214
11900.648363
11900.706985
11900.740686
11900.795344
11900.830933
11900.861141
11900.901261
11901.005761
11901.024547
11901.084774
11901.125083
11901.189936
11901.212686
11901.256865
11901.318509
11901.338333
11901.362499
11901.420177
11901.492016
11901.529587
11901.564421
11901.588209
11901.637864
11901.650325
11901.737456
11901.758979
11901.816941
11901.845166
11901.898219
11901.926445
11901.949667
11901.990353
11902.048598
11902.094949
11902.153099
11902.191709
11902.257600
11902.287619
11902.318205
11902.375694
11902.416475
11902.482744
11902.495582
11902.565721
11902.604048
11902.655590
11902.728089
11902.768870
11902.803232
11902.850715
11902.983158
11903.103329
11903.187062
11903.231430
11903.276837
11903.336497
11903.366045
11903.403616
11903.438166
11903.497827
11903.506701
11903.534926
11903.589867
11903.607237
11903.644430
11903.791128
11903.836912
11903.887605
11903.918662
11903.957461
11903.980683
11904.006549
11904.048840
11904.127192
11904.180905
11904.261429
11904.349787
11904.388963
11904.442205
11904.515176
11904.589374
11904.623641
11904.685001
11904.700672
11904.743435
11904.798187
11904.841611
11904.877955
11904.906653
11904.955835
11905.012475
11905.097907
11905.176825
11905.295486
11905.368929
11905.445865
11905.555086
11905.601531
11905.637875
11905.697253
11905.762483
11905.812421
11905.933253
11905.963838
11906.008301
11906.059749
11906.123846
11906.174350
11906.196723
11906.249776
11906.301224
11906.335680
11906.422056
11906.503145
11906.553933
11906.630019
11906.681278
11906.726118
11906.758497
11906.774829
11906.795313
11906.832413
11906.846006
11906.861110
11906.930400
11906.988173
11906.997707
11907.010073
11907.084555
11907.100320
11907.153656
11907.191699
11907.251549
11907.284683
11907.313569
11907.382387
11907.419769
11907.457624
11907.504069
11907.578645
11907.624429
11907.690509
11907.728174
11907.748470
11907.881952
11907.891109
11907.921789
11907.984565
11908.078870
11908.111627
11908.182238
11908.287589
11908.379629
11908.391617
11908.411347
11908.436835
11908.460435
11908.478371
11908.504897
11908.540392
11908.645459
11908.743729
11908.798576
11908.879288
11908.963493
11909.057893
12199.075369
12199.092078
12199.108692
12199.125401
12199.142016
12199.158724
12199.175339
12199.192048
12199.208662
12199.225371
12199.242080
12199.258694
12199.275403
12199.292017
12199.308726
12199.325340
12199.342049
12199.358664
12199.375372
12199.392081
12199.408696
12199.425404
12199.442019
12199.458728
