0.000000E+0	3.790513E-2
2.000000E-1	-1.777610E-1
4.000000E-1	-4.385428E-1
6.000000E-1	-4.914512E-1
8.000000E-1	-5.342054E-1
1.000000E+0	-3.644826E-1
1.200000E+0	-4.174394E-1
1.400000E+0	-1.140851E-1
1.600000E+0	5.130158E-3
1.800000E+0	3.614848E-2
2.000000E+0	3.227168E-2
2.200000E+0	1.139469E-1
2.400000E+0	9.070683E-2
2.600000E+0	-9.907855E-2
2.800000E+0	-7.345509E-2
3.000000E+0	-6.402894E-3
3.200000E+0	-2.480019E-2
3.400000E+0	-7.446732E-2
3.600000E+0	-9.992373E-2
3.800000E+0	-6.768542E-2
4.000000E+0	-2.126370E-1
4.200000E+0	-5.349500E-1
4.400000E+0	-7.242089E-1
4.600000E+0	-5.810053E-1
4.800000E+0	-2.302304E-1
5.000000E+0	8.216224E-2
5.200000E+0	4.367484E-1
5.400000E+0	7.124343E-1
5.600000E+0	9.141711E-1
5.800000E+0	1.042908E+0
6.000000E+0	1.122312E+0
6.200000E+0	1.258424E+0
6.400000E+0	1.515008E+0
6.600000E+0	1.455486E+0
6.800000E+0	1.583416E+0
7.000000E+0	1.420224E+0
7.200000E+0	1.071712E+0
7.400000E+0	7.096240E-1
7.600000E+0	4.633252E-1
7.800000E+0	1.100770E+0
8.000000E+0	1.316234E+0
8.200000E+0	1.352635E+0
8.400000E+0	1.436064E+0
8.600000E+0	1.863864E+0
8.800000E+0	2.089350E+0
9.000000E+0	2.227501E+0
9.200000E+0	1.869248E+0
9.400000E+0	1.829454E+0
9.600000E+0	1.972568E+0
9.800000E+0	2.400117E+0
1.000000E+1	2.761698E+0
1.020000E+1	2.932352E+0
1.040000E+1	2.817114E+0
1.060000E+1	2.809960E+0
1.080000E+1	3.186044E+0
1.100000E+1	3.522867E+0
1.120000E+1	3.759921E+0
1.140000E+1	3.830694E+0
1.160000E+1	3.871965E+0
1.180000E+1	3.777460E+0
1.200000E+1	3.919676E+0
1.220000E+1	4.385670E+0
1.240000E+1	4.764776E+0
1.260000E+1	5.168984E+0
1.280000E+1	5.279626E+0
1.300000E+1	5.188747E+0
1.320000E+1	5.298526E+0
1.340000E+1	5.735517E+0
1.360000E+1	6.159731E+0
1.380000E+1	6.482822E+0
1.400000E+1	6.816961E+0
1.420000E+1	7.083726E+0
1.440000E+1	7.071891E+0
1.460000E+1	6.935078E+0
1.480000E+1	6.970334E+0
1.500000E+1	6.729801E+0
1.520000E+1	6.081049E+0
1.540000E+1	5.324123E+0
1.560000E+1	4.609345E+0
1.580000E+1	4.177628E+0
1.600000E+1	3.563115E+0
1.620000E+1	3.023042E+0
1.640000E+1	2.406114E+0
1.660000E+1	2.090959E+0
1.680000E+1	1.865163E+0
1.700000E+1	1.436328E+0
1.720000E+1	1.067366E+0
1.740000E+1	8.364567E-1
1.760000E+1	7.768709E-1
1.780000E+1	7.249203E-1
1.800000E+1	5.687041E-1
1.820000E+1	3.337668E-1
1.840000E+1	3.267612E-1
1.860000E+1	4.223993E-1
1.880000E+1	4.242870E-1
1.900000E+1	1.942055E-1
1.920000E+1	1.026010E-1
1.940000E+1	3.441096E-1
1.960000E+1	3.693711E-1
1.980000E+1	5.329358E-1
2.000000E+1	5.622865E-1
2.020000E+1	5.050019E-1
2.040000E+1	4.150909E-1
2.060000E+1	4.640111E-1
2.080000E+1	2.006003E-1
2.100000E+1	7.637921E-3
2.120000E+1	-1.233953E-1
2.140000E+1	-5.067309E-2
2.160000E+1	2.063368E-2
2.180000E+1	-8.386320E-2
2.200000E+1	-2.839865E-1
2.220000E+1	-4.581517E-1
2.240000E+1	-1.608363E-1
2.260000E+1	-2.609398E-1
2.280000E+1	-1.538148E-1
2.300000E+1	-1.565270E-1
2.320000E+1	-4.761387E-1
2.340000E+1	-6.591615E-1
2.360000E+1	-7.562250E-1
2.380000E+1	-5.036589E-1
2.400000E+1	-3.807111E-1
2.420000E+1	-5.093536E-1
2.440000E+1	-6.912044E-1
2.460000E+1	-7.916721E-1
2.480000E+1	-9.739981E-1
2.500000E+1	-9.288294E-1
2.520000E+1	-9.881120E-1
2.540000E+1	-1.118800E+0
2.560000E+1	-1.241969E+0
2.580000E+1	-1.376494E+0
2.600000E+1	-1.457558E+0
2.620000E+1	-1.365998E+0
2.640000E+1	-1.094493E+0
2.660000E+1	-1.059582E+0
2.680000E+1	-7.479839E-1
2.700000E+1	-7.712777E-1
2.720000E+1	-9.325391E-1
2.740000E+1	-1.300198E+0
2.760000E+1	-1.381238E+0
2.780000E+1	-1.379100E+0
2.800000E+1	-1.675099E+0
2.820000E+1	-1.794135E+0
2.840000E+1	-1.560514E+0
2.860000E+1	-1.369114E+0
2.880000E+1	-1.166794E+0
2.900000E+1	-1.348094E+0
2.920000E+1	-1.264449E+0
2.940000E+1	-1.338308E+0
2.960000E+1	-1.284423E+0
2.980000E+1	-1.427464E+0
3.000000E+1	-1.786527E+0
3.020000E+1	-2.083767E+0
3.040000E+1	-1.924232E+0
3.060000E+1	-1.536845E+0
3.080000E+1	-1.301098E+0
3.100000E+1	-1.186129E+0
3.120000E+1	-1.650149E+0
3.140000E+1	-1.761010E+0
3.160000E+1	-1.845020E+0
3.180000E+1	-1.928322E+0
3.200000E+1	-1.988982E+0
3.220000E+1	-1.800537E+0
3.240000E+1	-1.815360E+0
3.260000E+1	-1.877061E+0
3.280000E+1	-1.894030E+0
3.300000E+1	-1.908314E+0
3.320000E+1	-1.786711E+0
3.340000E+1	-1.634653E+0
3.360000E+1	-2.001964E+0
3.380000E+1	-2.156906E+0
3.400000E+1	-2.134371E+0
3.420000E+1	-2.091246E+0
3.440000E+1	-1.855319E+0
3.460000E+1	-2.058869E+0
3.480000E+1	-1.977569E+0
3.500000E+1	-2.205841E+0
3.520000E+1	-2.121324E+0
3.540000E+1	-1.986340E+0
3.560000E+1	-1.760395E+0
3.580000E+1	-1.661256E+0
3.600000E+1	-2.144569E+0
3.620000E+1	-2.558487E+0
3.640000E+1	-2.771029E+0
3.660000E+1	-2.693616E+0
3.680000E+1	-2.494639E+0
3.700000E+1	-2.523927E+0
3.720000E+1	-2.721333E+0
3.740000E+1	-2.707864E+0
3.760000E+1	-2.748202E+0
3.780000E+1	-2.509878E+0
3.800000E+1	-2.515037E+0
3.820000E+1	-2.421781E+0
3.840000E+1	-2.411278E+0
3.860000E+1	-2.357374E+0
3.880000E+1	-2.511862E+0
3.900000E+1	-2.662779E+0
3.920000E+1	-2.845805E+0
3.940000E+1	-2.853986E+0
3.960000E+1	-2.855771E+0
3.980000E+1	-2.772185E+0
