0.000000E+0	-5.036171E-2
2.000000E-1	-1.181839E-1
4.000000E-1	-1.777189E-1
6.000000E-1	-6.607634E-2
8.000000E-1	-3.554439E-2
1.000000E+0	9.589614E-4
1.200000E+0	-2.895136E-2
1.400000E+0	-1.314991E-1
1.600000E+0	-2.149887E-2
1.800000E+0	1.294478E-1
2.000000E+0	4.490660E-1
2.200000E+0	4.980843E-1
2.400000E+0	2.700998E-1
2.600000E+0	3.761162E-2
2.800000E+0	6.523527E-3
3.000000E+0	3.091092E-2
3.200000E+0	1.036971E-1
3.400000E+0	-1.478860E-1
3.600000E+0	-1.831295E-1
3.800000E+0	-2.283675E-1
4.000000E+0	-2.245169E-1
4.200000E+0	-4.541312E-2
4.400000E+0	1.013632E-1
4.600000E+0	2.707903E-1
4.800000E+0	8.733611E-2
5.000000E+0	5.837169E-3
5.200000E+0	-4.689647E-2
5.400000E+0	2.218825E-1
5.600000E+0	4.591382E-1
5.800000E+0	7.235241E-1
6.000000E+0	6.994901E-1
6.200000E+0	6.974347E-1
6.400000E+0	7.468494E-1
6.600000E+0	1.017208E+0
6.800000E+0	1.365212E+0
7.000000E+0	1.562807E+0
7.200000E+0	1.883453E+0
7.400000E+0	2.012157E+0
7.600000E+0	2.200749E+0
7.800000E+0	2.357660E+0
8.000000E+0	2.568892E+0
8.200000E+0	2.792433E+0
8.400000E+0	2.889383E+0
8.600000E+0	2.998689E+0
8.800000E+0	3.201625E+0
9.000000E+0	3.539082E+0
9.200000E+0	4.026290E+0
9.400000E+0	4.379191E+0
9.600000E+0	4.631564E+0
9.800000E+0	4.887936E+0
1.000000E+1	5.024307E+0
1.020000E+1	5.342262E+0
1.040000E+1	5.431120E+0
1.060000E+1	5.686937E+0
1.080000E+1	5.696818E+0
1.100000E+1	5.565593E+0
1.120000E+1	5.267610E+0
1.140000E+1	4.983325E+0
1.160000E+1	4.844757E+0
1.180000E+1	4.940428E+0
1.200000E+1	5.361539E+0
1.220000E+1	5.856459E+0
1.240000E+1	6.185739E+0
1.260000E+1	6.350237E+0
1.280000E+1	6.331322E+0
1.300000E+1	6.519071E+0
1.320000E+1	6.781154E+0
1.340000E+1	7.085973E+0
1.360000E+1	7.547921E+0
1.380000E+1	8.074045E+0
1.400000E+1	8.928569E+0
1.420000E+1	9.599041E+0
1.440000E+1	1.009595E+1
1.460000E+1	1.044568E+1
1.480000E+1	1.046873E+1
1.500000E+1	1.004396E+1
1.520000E+1	9.469053E+0
1.540000E+1	8.541202E+0
1.560000E+1	7.747022E+0
1.580000E+1	6.852918E+0
1.600000E+1	6.211160E+0
1.620000E+1	5.769081E+0
1.640000E+1	5.478362E+0
1.660000E+1	5.085425E+0
1.680000E+1	4.702560E+0
1.700000E+1	4.280253E+0
1.720000E+1	3.978726E+0
1.740000E+1	3.776954E+0
1.760000E+1	3.579213E+0
1.780000E+1	3.343172E+0
1.800000E+1	3.042720E+0
1.820000E+1	2.949589E+0
1.840000E+1	2.985680E+0
1.860000E+1	2.895217E+0
1.880000E+1	2.724762E+0
1.900000E+1	2.521329E+0
1.920000E+1	2.708748E+0
1.940000E+1	2.767757E+0
1.960000E+1	2.728134E+0
1.980000E+1	2.666335E+0
2.000000E+1	2.574889E+0
2.020000E+1	2.588161E+0
2.040000E+1	2.652028E+0
2.060000E+1	2.610546E+0
2.080000E+1	2.578776E+0
2.100000E+1	2.450212E+0
2.120000E+1	2.475714E+0
2.140000E+1	2.509038E+0
2.160000E+1	2.501750E+0
2.180000E+1	2.460723E+0
2.200000E+1	2.197666E+0
2.220000E+1	2.146684E+0
2.240000E+1	2.212943E+0
2.260000E+1	2.358637E+0
2.280000E+1	2.388410E+0
2.300000E+1	2.267879E+0
2.320000E+1	2.011140E+0
2.340000E+1	1.911358E+0
2.360000E+1	1.790716E+0
2.380000E+1	1.832497E+0
2.400000E+1	1.784892E+0
2.420000E+1	1.757866E+0
2.440000E+1	1.821544E+0
2.460000E+1	1.670090E+0
2.480000E+1	1.782899E+0
2.500000E+1	1.946945E+0
2.520000E+1	1.964748E+0
2.540000E+1	1.972219E+0
2.560000E+1	1.820621E+0
2.580000E+1	1.772815E+0
2.600000E+1	1.587572E+0
2.620000E+1	1.437009E+0
2.640000E+1	1.464038E+0
2.660000E+1	1.578715E+0
2.680000E+1	1.433735E+0
2.700000E+1	1.436763E+0
2.720000E+1	1.463664E+0
2.740000E+1	1.541305E+0
2.760000E+1	1.493652E+0
2.780000E+1	1.448347E+0
2.800000E+1	1.431604E+0
2.820000E+1	1.496695E+0
2.840000E+1	1.345669E+0
2.860000E+1	1.316804E+0
2.880000E+1	1.112340E+0
2.900000E+1	1.172940E+0
2.920000E+1	1.087508E+0
2.940000E+1	1.009628E+0
2.960000E+1	9.752521E-1
2.980000E+1	1.048847E+0
3.000000E+1	1.196160E+0
3.020000E+1	1.225675E+0
3.040000E+1	1.148781E+0
3.060000E+1	1.054471E+0
3.080000E+1	1.089948E+0
3.100000E+1	1.078088E+0
3.120000E+1	1.008744E+0
3.140000E+1	8.441241E-1
3.160000E+1	8.853021E-1
3.180000E+1	8.211696E-1
3.200000E+1	7.892838E-1
3.220000E+1	7.629999E-1
3.240000E+1	8.784024E-1
3.260000E+1	9.882640E-1
3.280000E+1	9.305154E-1
3.300000E+1	7.664682E-1
3.320000E+1	6.646243E-1
3.340000E+1	7.736144E-1
3.360000E+1	8.396623E-1
3.380000E+1	7.831378E-1
3.400000E+1	7.570667E-1
3.420000E+1	6.933602E-1
3.440000E+1	6.705955E-1
3.460000E+1	6.468126E-1
3.480000E+1	6.195613E-1
3.500000E+1	7.185660E-1
3.520000E+1	7.714654E-1
3.540000E+1	7.397667E-1
3.560000E+1	5.279165E-1
3.580000E+1	3.787144E-1
3.600000E+1	4.039175E-1
3.620000E+1	4.228605E-1
3.640000E+1	4.712147E-1
3.660000E+1	5.094107E-1
3.680000E+1	5.934099E-1
3.700000E+1	6.108322E-1
3.720000E+1	7.668085E-1
3.740000E+1	7.974339E-1
3.760000E+1	9.186234E-1
3.780000E+1	8.232714E-1
3.800000E+1	7.054566E-1
3.820000E+1	6.118147E-1
3.840000E+1	4.082463E-1
3.860000E+1	4.516460E-1
3.880000E+1	3.803569E-1
3.900000E+1	5.512258E-1
3.920000E+1	7.808235E-1
3.940000E+1	9.363627E-1
3.960000E+1	8.581410E-1
3.980000E+1	7.428813E-1
