0.000000E+0	-9.923264E-3
2.000000E-1	-4.402258E-2
4.000000E-1	-5.047232E-2
6.000000E-1	-3.382934E-2
8.000000E-1	-3.406186E-3
1.000000E+0	-3.806647E-2
1.200000E+0	4.704530E-2
1.400000E+0	8.599755E-2
1.600000E+0	5.114148E-2
1.800000E+0	4.445744E-3
2.000000E+0	-1.883318E-2
2.200000E+0	5.366226E-2
2.400000E+0	9.612759E-2
2.600000E+0	-5.792890E-2
2.800000E+0	-1.052443E-1
3.000000E+0	-1.289141E-1
3.200000E+0	-1.006547E-1
3.400000E+0	-1.263472E-1
3.600000E+0	-1.422290E-1
3.800000E+0	-1.861968E-1
4.000000E+0	-3.169527E-1
4.200000E+0	-4.712012E-1
4.400000E+0	-3.542507E-1
4.600000E+0	-4.498026E-1
4.800000E+0	-2.149570E-1
5.000000E+0	-1.538813E-1
5.200000E+0	8.520362E-2
5.400000E+0	1.442545E-1
5.600000E+0	2.409893E-1
5.800000E+0	2.190340E-1
6.000000E+0	2.317440E-1
6.200000E+0	4.070836E-1
6.400000E+0	5.667047E-1
6.600000E+0	8.686486E-1
6.800000E+0	1.153321E+0
7.000000E+0	1.414305E+0
7.200000E+0	1.644854E+0
7.400000E+0	1.918072E+0
7.600000E+0	2.084843E+0
7.800000E+0	2.164688E+0
8.000000E+0	2.285098E+0
8.200000E+0	2.364985E+0
8.400000E+0	2.394503E+0
8.600000E+0	2.401040E+0
8.800000E+0	2.788692E+0
9.000000E+0	3.266180E+0
9.200000E+0	3.611002E+0
9.400000E+0	3.693146E+0
9.600000E+0	3.680654E+0
9.800000E+0	3.722101E+0
1.000000E+1	3.844471E+0
1.020000E+1	4.255102E+0
1.040000E+1	4.427358E+0
1.060000E+1	4.707480E+0
1.080000E+1	4.691054E+0
1.100000E+1	4.541876E+0
1.120000E+1	4.190289E+0
1.140000E+1	3.994560E+0
1.160000E+1	4.086050E+0
1.180000E+1	4.440295E+0
1.200000E+1	4.843487E+0
1.220000E+1	5.133009E+0
1.240000E+1	5.244571E+0
1.260000E+1	5.281908E+0
1.280000E+1	5.364734E+0
1.300000E+1	5.649359E+0
1.320000E+1	5.972431E+0
1.340000E+1	6.367498E+0
1.360000E+1	6.739338E+0
1.380000E+1	7.187436E+0
1.400000E+1	7.761881E+0
1.420000E+1	8.194091E+0
1.440000E+1	8.554134E+0
1.460000E+1	8.759750E+0
1.480000E+1	8.814238E+0
1.500000E+1	8.297972E+0
1.520000E+1	7.710260E+0
1.540000E+1	6.699262E+0
1.560000E+1	6.136156E+0
1.580000E+1	5.592736E+0
1.600000E+1	5.109067E+0
1.620000E+1	4.844691E+0
1.640000E+1	4.424502E+0
1.660000E+1	4.152451E+0
1.680000E+1	3.547639E+0
1.700000E+1	3.476589E+0
1.720000E+1	3.405169E+0
1.740000E+1	3.527756E+0
1.760000E+1	3.476556E+0
1.780000E+1	3.275824E+0
1.800000E+1	3.071243E+0
1.820000E+1	2.976841E+0
1.840000E+1	2.968429E+0
1.860000E+1	2.991032E+0
1.880000E+1	2.972507E+0
1.900000E+1	2.903416E+0
1.920000E+1	2.851071E+0
1.940000E+1	2.695780E+0
1.960000E+1	2.635377E+0
1.980000E+1	2.554150E+0
2.000000E+1	2.532030E+0
2.020000E+1	2.460227E+0
2.040000E+1	2.430419E+0
2.060000E+1	2.293838E+0
2.080000E+1	2.183012E+0
2.100000E+1	2.193228E+0
2.120000E+1	2.273877E+0
2.140000E+1	2.372442E+0
2.160000E+1	2.307997E+0
2.180000E+1	2.278807E+0
2.200000E+1	2.191859E+0
2.220000E+1	2.247543E+0
2.240000E+1	2.180250E+0
2.260000E+1	2.284079E+0
2.280000E+1	2.291170E+0
2.300000E+1	2.096814E+0
2.320000E+1	2.107942E+0
2.340000E+1	2.080607E+0
2.360000E+1	2.155709E+0
2.380000E+1	2.027846E+0
2.400000E+1	2.018252E+0
2.420000E+1	1.959280E+0
2.440000E+1	1.983189E+0
2.460000E+1	1.819571E+0
2.480000E+1	1.669066E+0
2.500000E+1	1.500932E+0
2.520000E+1	1.631769E+0
2.540000E+1	1.685646E+0
2.560000E+1	1.778545E+0
2.580000E+1	1.743322E+0
2.600000E+1	1.654390E+0
2.620000E+1	1.618948E+0
2.640000E+1	1.521215E+0
2.660000E+1	1.449238E+0
2.680000E+1	1.344900E+0
2.700000E+1	1.413135E+0
2.720000E+1	1.505949E+0
2.740000E+1	1.521711E+0
2.760000E+1	1.437935E+0
2.780000E+1	1.341960E+0
2.800000E+1	1.367814E+0
2.820000E+1	1.547951E+0
2.840000E+1	1.482933E+0
2.860000E+1	1.348140E+0
2.880000E+1	1.199809E+0
2.900000E+1	1.009913E+0
2.920000E+1	1.145194E+0
2.940000E+1	9.225398E-1
2.960000E+1	1.139903E+0
2.980000E+1	1.011834E+0
3.000000E+1	1.170439E+0
3.020000E+1	1.214132E+0
3.040000E+1	1.270972E+0
3.060000E+1	1.297168E+0
3.080000E+1	1.249521E+0
3.100000E+1	1.252378E+0
3.120000E+1	1.217306E+0
3.140000E+1	1.238418E+0
3.160000E+1	1.129028E+0
3.180000E+1	1.154965E+0
3.200000E+1	1.031929E+0
3.220000E+1	9.510145E-1
3.240000E+1	8.914705E-1
3.260000E+1	8.460037E-1
3.280000E+1	8.900915E-1
3.300000E+1	7.466126E-1
3.320000E+1	7.516711E-1
3.340000E+1	7.345578E-1
3.360000E+1	7.787768E-1
3.380000E+1	8.704094E-1
3.400000E+1	8.522631E-1
3.420000E+1	9.455898E-1
3.440000E+1	9.236726E-1
3.460000E+1	9.624405E-1
3.480000E+1	8.520297E-1
3.500000E+1	8.753545E-1
3.520000E+1	9.527777E-1
3.540000E+1	1.072155E+0
3.560000E+1	1.059436E+0
3.580000E+1	1.110174E+0
3.600000E+1	1.158857E+0
3.620000E+1	1.044689E+0
3.640000E+1	9.223341E-1
3.660000E+1	7.939873E-1
3.680000E+1	7.541148E-1
3.700000E+1	8.796035E-1
3.720000E+1	7.484028E-1
3.740000E+1	7.964473E-1
3.760000E+1	7.748714E-1
3.780000E+1	9.232977E-1
3.800000E+1	9.867059E-1
3.820000E+1	9.711377E-1
3.840000E+1	7.097668E-1
3.860000E+1	5.623508E-1
3.880000E+1	6.370071E-1
3.900000E+1	8.113719E-1
3.920000E+1	1.007074E+0
3.940000E+1	1.111894E+0
3.960000E+1	1.020432E+0
3.980000E+1	9.168906E-1
