0.000000E+00	8.467000E-03
2.000000E-01	6.246000E-03
4.000000E-01	2.715000E-03
6.000000E-01	1.196000E-03
8.000000E-01	4.802000E-03
1.000000E+00	7.674000E-03
1.200000E+00	1.204300E-02
1.400000E+00	6.977000E-03
1.600000E+00	-3.390000E-04
1.800000E+00	-3.066000E-03
2.000000E+00	-2.279000E-03
2.200000E+00	2.290000E-04
2.400000E+00	1.095000E-03
2.600000E+00	1.020000E-04
2.800000E+00	-1.549000E-03
3.000000E+00	-6.170000E-04
3.200000E+00	-5.530000E-04
3.400000E+00	7.130000E-04
3.600000E+00	-1.690000E-04
3.800000E+00	-5.780000E-04
4.000000E+00	-1.750000E-03
4.200000E+00	-8.400000E-04
4.400000E+00	-3.842000E-03
4.600000E+00	-4.523000E-03
4.800000E+00	-4.788000E-03
5.000000E+00	4.678000E-03
5.200000E+00	1.271600E-02
5.400000E+00	2.104400E-02
5.600000E+00	2.935500E-02
5.800000E+00	3.933500E-02
6.000000E+00	4.345500E-02
6.200000E+00	4.750100E-02
6.400000E+00	5.084100E-02
6.600000E+00	5.492400E-02
6.800000E+00	6.212000E-02
7.000000E+00	6.524200E-02
7.200000E+00	7.415300E-02
7.400000E+00	7.868500E-02
7.600000E+00	8.485200E-02
7.800000E+00	9.113400E-02
8.000000E+00	9.726600E-02
8.200000E+00	1.026730E-01
8.400000E+00	1.065630E-01
8.600000E+00	1.113130E-01
8.800000E+00	1.198310E-01
9.000000E+00	1.266580E-01
9.200000E+00	1.340440E-01
9.400000E+00	1.395710E-01
9.600000E+00	1.427030E-01
9.800000E+00	1.480900E-01
1.000000E+01	1.541310E-01
1.020000E+01	1.564170E-01
1.040000E+01	1.626900E-01
1.060000E+01	1.659490E-01
1.080000E+01	1.777590E-01
1.100000E+01	1.807610E-01
1.120000E+01	1.850840E-01
1.140000E+01	1.851100E-01
1.160000E+01	1.902340E-01
1.180000E+01	1.956750E-01
1.200000E+01	2.031710E-01
1.220000E+01	2.114460E-01
1.240000E+01	2.181700E-01
1.260000E+01	2.226120E-01
1.280000E+01	2.288610E-01
1.300000E+01	2.324860E-01
1.320000E+01	2.345570E-01
1.340000E+01	2.369730E-01
1.360000E+01	2.396900E-01
1.380000E+01	2.445600E-01
1.400000E+01	2.478760E-01
1.420000E+01	2.521540E-01
1.440000E+01	2.566400E-01
1.460000E+01	2.595370E-01
1.480000E+01	2.567390E-01
1.500000E+01	2.456770E-01
1.520000E+01	2.318780E-01
1.540000E+01	2.202850E-01
1.560000E+01	2.110970E-01
1.580000E+01	2.035540E-01
1.600000E+01	1.988780E-01
1.620000E+01	1.967290E-01
1.640000E+01	1.860850E-01
1.660000E+01	1.733410E-01
1.680000E+01	1.643400E-01
1.700000E+01	1.564030E-01
1.720000E+01	1.534100E-01
1.740000E+01	1.509130E-01
1.760000E+01	1.458620E-01
1.780000E+01	1.418310E-01
1.800000E+01	1.383580E-01
1.820000E+01	1.394760E-01
1.840000E+01	1.372600E-01
1.860000E+01	1.311070E-01
1.880000E+01	1.247540E-01
1.900000E+01	1.176840E-01
1.920000E+01	1.118480E-01
1.940000E+01	1.075110E-01
1.960000E+01	1.045120E-01
1.980000E+01	1.024880E-01
2.000000E+01	9.754700E-02
2.020000E+01	9.177900E-02
2.040000E+01	8.628400E-02
2.060000E+01	8.359300E-02
2.080000E+01	8.211000E-02
2.100000E+01	8.146000E-02
2.120000E+01	7.860000E-02
2.140000E+01	7.621100E-02
2.160000E+01	7.371000E-02
2.180000E+01	7.223400E-02
2.200000E+01	7.197300E-02
2.220000E+01	6.744200E-02
2.240000E+01	6.495100E-02
2.260000E+01	5.925300E-02
2.280000E+01	5.778800E-02
2.300000E+01	5.627200E-02
2.320000E+01	5.667900E-02
2.340000E+01	5.509300E-02
2.360000E+01	5.062100E-02
2.380000E+01	4.699600E-02
2.400000E+01	4.452300E-02
2.420000E+01	4.361000E-02
2.440000E+01	4.281200E-02
2.460000E+01	3.904600E-02
2.480000E+01	3.883700E-02
2.500000E+01	3.796100E-02
2.520000E+01	3.779300E-02
2.540000E+01	3.580000E-02
2.560000E+01	3.176900E-02
2.580000E+01	3.251700E-02
2.600000E+01	3.123000E-02
2.620000E+01	3.122300E-02
2.640000E+01	2.522100E-02
2.660000E+01	2.136500E-02
2.680000E+01	2.082600E-02
2.700000E+01	2.032800E-02
2.720000E+01	2.086600E-02
2.740000E+01	2.072500E-02
2.760000E+01	2.091700E-02
2.780000E+01	2.082100E-02
2.800000E+01	1.984200E-02
2.820000E+01	2.038700E-02
2.840000E+01	1.979000E-02
2.860000E+01	1.717900E-02
2.880000E+01	1.437900E-02
2.900000E+01	1.382700E-02
2.920000E+01	1.107000E-02
2.940000E+01	8.636000E-03
2.960000E+01	7.386000E-03
2.980000E+01	1.007400E-02
3.000000E+01	1.260800E-02
3.020000E+01	1.105900E-02
3.040000E+01	9.395000E-03
3.060000E+01	7.651000E-03
3.080000E+01	8.683000E-03
3.100000E+01	8.669000E-03
3.120000E+01	7.520000E-03
3.140000E+01	6.518000E-03
3.160000E+01	3.928000E-03
3.180000E+01	5.030000E-03
3.200000E+01	4.563000E-03
3.220000E+01	4.888000E-03
3.240000E+01	5.680000E-04
3.260000E+01	-1.407000E-03
3.280000E+01	8.000000E-05
3.300000E+01	2.842000E-03
3.320000E+01	3.499000E-03
3.340000E+01	5.745000E-03
3.360000E+01	7.291000E-03
3.380000E+01	5.802000E-03
3.400000E+01	2.956000E-03
3.420000E+01	-7.820000E-04
3.440000E+01	-1.943000E-03
3.460000E+01	-2.933000E-03
3.480000E+01	-1.344000E-03
3.500000E+01	-1.209000E-03
3.520000E+01	-2.454000E-03
3.540000E+01	-2.443000E-03
3.560000E+01	-4.418000E-03
3.580000E+01	-3.694000E-03
3.600000E+01	-2.640000E-03
3.620000E+01	-3.723000E-03
3.640000E+01	-3.963000E-03
3.660000E+01	-7.023000E-03
3.680000E+01	-7.993000E-03
3.700000E+01	-9.211000E-03
3.720000E+01	-1.084700E-02
3.740000E+01	-8.630000E-03
3.760000E+01	-1.005300E-02
3.780000E+01	-7.217000E-03
3.800000E+01	-8.900000E-03
3.820000E+01	-8.999000E-03
3.840000E+01	-1.202200E-02
3.860000E+01	-1.332000E-02
3.880000E+01	-1.187400E-02
3.900000E+01	-8.366000E-03
3.920000E+01	-5.132000E-03
3.940000E+01	-5.096000E-03
3.960000E+01	-8.610000E-03
3.980000E+01	-7.112000E-03
