10.02074
10.08238
10.14664
10.43338
10.44978
10.54324
10.61744
10.62402
10.89602
10.98098
11.1304
11.1836
11.36144
11.99234
12.01368
12.04504
12.06296
12.11204
12.35048
12.6502
12.69608
13.52312
13.6503
13.72984
13.73924
13.91732
13.92576
13.9311
14.0414
14.05912
14.07392
14.1142
14.30274
14.36494
14.38892
14.39398
14.46024
14.47156
14.5326
14.53766
14.67542
14.82472
15.09008
15.09948
15.27972
15.28682
15.6166
15.74256
15.88062
15.89064
15.93864
16.12928
16.23612
16.32268
16.4115
16.58478
16.59416
16.61238
16.84264
16.85202
17.2985
17.33374
17.34314
17.38146
17.41844
17.55598
17.69144
17.70938
17.71798
17.89056
18.02556
18.032
18.05236
18.10102
18.12488
18.13378
18.15488
18.22316
18.35026
18.35946
18.74136
18.78242
18.79388
18.91234
18.97056
18.97724
19.11176
19.11992
19.15802
19.16328
19.27838
19.29922
19.3067
19.57722
19.61894
19.667
19.70188
19.72594
19.73102
19.83232
