10.01378
10.07966
10.4365
10.489
10.49536
10.55586
10.56248
10.6925
10.70112
10.75206
10.858
10.87346
10.96262
11.05994
11.06578
11.14878
11.15784
11.2471
11.25548
11.3276
11.34186
11.5393
11.58432
11.594
11.61318
11.66346
11.67068
11.68928
11.78434
11.79244
11.91154
11.91724
11.92536
11.9659
11.99312
12.0915
12.09982
12.18328
12.1903
12.21362
12.2886
12.34224
12.48498
12.5142
12.5218
12.62148
12.6305
12.63684
12.64222
12.65638
12.69544
12.91122
12.9168
12.98442
12.99302
13.07782
13.10168
13.16462
13.18634
13.24362
13.27444
13.282
13.3281
13.4353
13.4417
13.51366
13.58196
13.58846
13.68244
13.68924
13.77936
13.79036
13.88074
13.8868
13.96978
13.98618
14.01758
14.02504
14.0483
14.10246
14.10768
14.2295
14.3085
14.31972
14.3581
14.36774
14.43906
14.4916
14.49868
14.53044
14.74822
14.75484
14.76566
14.83492
14.8671
14.87894
15.02262
15.0554
15.0629
15.07504
15.0822
15.1057
15.17856
15.19048
15.30048
15.30714
15.41798
15.48812
15.49346
15.53088
15.53828
15.54608
15.64594
15.66398
15.67042
15.6844
15.74292
15.98582
16.02454
16.22094
16.2298
16.29722
16.42796
16.43602
16.46042
16.55476
16.5634
16.57396
16.70024
16.793
16.8242
16.85878
16.89056
16.90388
16.9098
16.92086
17.03462
17.04062
17.1154
17.14918
17.15568
17.22354
17.29574
17.36286
17.371
17.3809
17.57508
17.63512
17.64056
17.67628
17.72298
17.76638
17.91314
17.9572
17.98496
18.02086
18.02866
18.09544
18.15796
18.27008
18.2754
18.28188
18.30494
18.31026
18.32372
18.39234
18.48582
18.49576
18.58386
18.63852
18.82966
18.83548
18.84114
18.85892
18.86568
18.8962
18.91744
18.92374
18.92952
18.93802
19.02548
19.03308
19.1284
19.13764
19.21774
19.28248
19.31426
19.4253
19.43344
19.47546
19.51176
19.5272
19.54472
19.55828
19.67468
19.68292
19.72874
19.9214
19.9287
