10.01912
10.07686
10.10562
10.11628
10.17864
10.18632
10.29022
10.32286
10.38238
10.42246
10.45996
10.49012
10.54346
10.59486
10.64124
10.7222
10.81732
10.8573
10.8861
10.95542
11.02208
11.03074
11.04114
11.1703
11.21656
11.22728
11.27842
11.30638
11.33386
11.38022
11.49942
11.53284
11.54178
11.55572
11.58192
11.64052
11.67422
11.7289
11.76446
11.79466
11.8348
11.93934
11.95808
12.01834
12.05862
12.12346
12.14626
12.19036
12.25202
12.27184
12.296
12.35374
12.42554
12.4631
12.49798
12.52178
12.57138
12.58384
12.67098
12.69254
12.75046
12.77868
12.83178
12.85994
12.88318
12.92392
12.98212
13.0285
13.0866
13.12526
13.19116
13.2212
13.25176
13.30922
13.35
13.41628
13.42908
13.4993
13.53754
13.58912
13.6616
13.70244
13.7368
13.78426
13.9167
14.03686
14.12064
14.165
14.21036
14.27004
14.29954
14.33712
14.37168
14.43132
14.44026
14.4685
14.52336
14.54078
14.578
14.7247
14.77042
14.82112
14.85222
14.89096
14.91418
14.94008
14.98242
15.06074
15.11442
15.19498
15.28334
15.32252
15.37576
15.44872
15.52288
15.55718
15.61856
15.63424
15.67696
15.73174
15.77514
15.81152
15.84018
15.88934
15.94602
16.03148
16.11034
16.22904
16.30244
16.37938
16.48866
16.53506
16.5714
16.6308
16.69604
16.74598
16.8668
16.89738
16.94184
16.99326
17.05738
17.10792
17.1303
17.1833
17.23478
17.26918
17.35562
17.43672
17.48746
17.56356
17.61478
17.65962
17.69206
17.70832
17.72886
17.76592
17.77958
17.79466
17.86394
17.92166
17.93124
17.94362
18.01806
18.03388
18.08718
18.12524
18.18504
18.21824
18.24712
18.31594
18.35334
18.39112
18.4376
18.51214
18.55798
18.62406
18.66166
18.68198
18.81552
18.82462
18.85532
18.91814
19.0124
19.04512
19.11576
19.22108
19.3132
19.32514
19.34484
19.37032
19.39398
19.4119
19.43846
19.47396
19.579
19.6773
19.73212
19.81278
19.89704
19.99138
