0.000000E+0	7.188252E-1
2.000000E-1	3.257500E-1
4.000000E-1	1.428705E-2
6.000000E-1	-4.561097E-2
8.000000E-1	4.016630E-2
1.000000E+0	-4.117296E-1
1.200000E+0	-3.360865E-1
1.400000E+0	-3.923038E-1
1.600000E+0	8.978052E-2
1.800000E+0	1.469214E-1
2.000000E+0	1.253661E-1
2.200000E+0	1.852696E-2
2.400000E+0	-7.287335E-2
2.600000E+0	9.036592E-2
2.800000E+0	3.972206E-2
3.000000E+0	-2.784620E-1
3.200000E+0	-1.783095E-1
3.400000E+0	1.896188E-2
3.600000E+0	2.467021E-1
3.800000E+0	2.166612E-1
4.000000E+0	2.977712E-3
4.200000E+0	-5.422310E-2
4.400000E+0	2.375687E-1
4.600000E+0	2.202847E-1
4.800000E+0	1.313351E-1
5.000000E+0	-1.761392E-2
5.200000E+0	2.047652E-1
5.400000E+0	2.120741E-1
5.600000E+0	2.432432E-2
5.800000E+0	-2.207423E-1
6.000000E+0	-3.410898E-1
6.200000E+0	-2.904812E-1
6.400000E+0	2.629005E-1
6.600000E+0	6.780321E-1
6.800000E+0	7.096445E-1
7.000000E+0	3.801646E-1
7.200000E+0	5.281633E-1
7.400000E+0	2.787748E-1
7.600000E+0	5.627509E-1
7.800000E+0	4.670781E-1
8.000000E+0	7.889815E-1
8.200000E+0	1.282948E+0
8.400000E+0	1.797806E+0
8.600000E+0	2.363587E+0
8.800000E+0	2.919026E+0
9.000000E+0	3.090647E+0
9.200000E+0	3.298601E+0
9.400000E+0	3.291315E+0
9.600000E+0	3.338925E+0
9.800000E+0	3.736036E+0
1.000000E+1	3.832163E+0
1.020000E+1	4.369190E+0
1.040000E+1	5.127268E+0
1.060000E+1	6.085499E+0
1.080000E+1	7.132411E+0
1.100000E+1	7.770820E+0
1.120000E+1	8.670588E+0
1.140000E+1	9.420644E+0
1.160000E+1	1.015511E+1
1.180000E+1	1.061335E+1
1.200000E+1	1.079698E+1
1.220000E+1	1.149928E+1
1.240000E+1	1.244385E+1
1.260000E+1	1.362914E+1
1.280000E+1	1.463237E+1
1.300000E+1	1.539161E+1
1.320000E+1	1.627405E+1
1.340000E+1	1.767338E+1
1.360000E+1	1.907182E+1
1.380000E+1	2.041416E+1
1.400000E+1	2.147004E+1
1.420000E+1	2.291739E+1
1.440000E+1	2.359173E+1
1.460000E+1	2.462760E+1
1.480000E+1	2.493314E+1
1.500000E+1	2.489881E+1
1.520000E+1	2.329942E+1
1.540000E+1	2.120675E+1
1.560000E+1	1.849149E+1
1.580000E+1	1.595754E+1
1.600000E+1	1.356947E+1
1.620000E+1	1.193022E+1
1.640000E+1	1.037768E+1
1.660000E+1	9.319011E+0
1.680000E+1	8.141788E+0
1.700000E+1	7.298507E+0
1.720000E+1	6.425796E+0
1.740000E+1	5.804322E+0
1.760000E+1	5.383365E+0
1.780000E+1	4.783346E+0
1.800000E+1	4.418136E+0
1.820000E+1	4.140807E+0
1.840000E+1	3.719491E+0
1.860000E+1	3.493405E+0
1.880000E+1	3.535554E+0
1.900000E+1	3.055303E+0
1.920000E+1	2.756341E+0
1.940000E+1	2.305479E+0
1.960000E+1	2.344904E+0
1.980000E+1	2.226272E+0
2.000000E+1	2.355060E+0
2.020000E+1	2.273629E+0
2.040000E+1	2.212456E+0
2.060000E+1	1.844862E+0
2.080000E+1	1.674513E+0
2.100000E+1	1.085004E+0
2.120000E+1	1.108085E+0
2.140000E+1	1.541471E+0
2.160000E+1	2.167823E+0
2.180000E+1	2.171957E+0
2.200000E+1	1.936381E+0
2.220000E+1	1.427203E+0
2.240000E+1	1.529476E+0
2.260000E+1	1.760034E+0
2.280000E+1	1.773343E+0
2.300000E+1	1.623543E+0
2.320000E+1	1.519777E+0
2.340000E+1	1.327910E+0
2.360000E+1	1.038980E+0
2.380000E+1	1.017963E+0
2.400000E+1	8.425796E-1
2.420000E+1	6.977024E-1
2.440000E+1	6.592811E-1
2.460000E+1	7.674909E-1
2.480000E+1	7.064149E-1
2.500000E+1	4.165596E-1
2.520000E+1	2.301789E-1
2.540000E+1	1.425472E-1
2.560000E+1	4.281420E-1
2.580000E+1	3.435050E-1
2.600000E+1	3.196548E-2
2.620000E+1	-6.250603E-2
2.640000E+1	-3.600159E-1
2.660000E+1	-4.743471E-1
2.680000E+1	-4.064702E-1
2.700000E+1	-3.455035E-1
2.720000E+1	-1.737468E-1
2.740000E+1	-4.479412E-1
2.760000E+1	-6.347166E-1
2.780000E+1	-7.410029E-1
2.800000E+1	-8.508073E-1
2.820000E+1	-5.613541E-1
2.840000E+1	-5.346548E-1
2.860000E+1	-4.123640E-1
2.880000E+1	-7.661909E-1
2.900000E+1	-7.023494E-1
2.920000E+1	-7.363802E-1
2.940000E+1	-8.291810E-1
2.960000E+1	-8.571977E-1
2.980000E+1	-8.595064E-1
3.000000E+1	-9.133816E-1
3.020000E+1	-8.070428E-1
3.040000E+1	-6.394065E-1
3.060000E+1	-6.251069E-1
3.080000E+1	-4.818252E-1
3.100000E+1	-8.187894E-1
3.120000E+1	-1.031872E+0
3.140000E+1	-1.184264E+0
3.160000E+1	-8.476207E-1
3.180000E+1	-1.195667E+0
3.200000E+1	-1.871866E+0
3.220000E+1	-2.082113E+0
3.240000E+1	-1.874006E+0
3.260000E+1	-1.130843E+0
3.280000E+1	-1.043941E+0
3.300000E+1	-1.290888E+0
3.320000E+1	-1.820674E+0
3.340000E+1	-2.067595E+0
3.360000E+1	-2.030039E+0
3.380000E+1	-2.016116E+0
3.400000E+1	-2.052787E+0
3.420000E+1	-2.016513E+0
3.440000E+1	-1.916551E+0
3.460000E+1	-2.025086E+0
3.480000E+1	-2.332545E+0
3.500000E+1	-2.445345E+0
3.520000E+1	-2.376451E+0
3.540000E+1	-2.141997E+0
3.560000E+1	-2.068253E+0
3.580000E+1	-2.180316E+0
3.600000E+1	-2.580388E+0
3.620000E+1	-2.056974E+0
3.640000E+1	-2.080380E+0
3.660000E+1	-1.958261E+0
3.680000E+1	-2.228830E+0
3.700000E+1	-2.324988E+0
3.720000E+1	-2.270664E+0
3.740000E+1	-1.957980E+0
3.760000E+1	-1.937931E+0
3.780000E+1	-1.844515E+0
3.800000E+1	-2.024828E+0
3.820000E+1	-1.784241E+0
3.840000E+1	-1.516484E+0
3.860000E+1	-1.430193E+0
3.880000E+1	-1.842293E+0
3.900000E+1	-2.266128E+0
3.920000E+1	-2.550747E+0
3.940000E+1	-2.313343E+0
3.960000E+1	-1.979404E+0
3.980000E+1	-1.813570E+0
