0.000000E+0	-5.854413E-2
2.000000E-1	-2.468524E-2
4.000000E-1	-4.713249E-2
6.000000E-1	-1.363260E-1
8.000000E-1	-1.798100E-1
1.000000E+0	-1.088853E-1
1.200000E+0	6.442118E-3
1.400000E+0	2.428465E-2
1.600000E+0	7.042343E-2
1.800000E+0	3.407463E-2
2.000000E+0	5.000604E-3
2.200000E+0	2.650024E-2
2.400000E+0	1.180911E-1
2.600000E+0	3.878472E-3
2.800000E+0	-1.188154E-1
3.000000E+0	-9.715967E-2
3.200000E+0	-3.320974E-2
3.400000E+0	-5.250371E-2
3.600000E+0	-8.988462E-2
3.800000E+0	-1.788134E-1
4.000000E+0	-1.464415E-1
4.200000E+0	-1.352290E-1
4.400000E+0	-8.787459E-2
4.600000E+0	-5.939985E-2
4.800000E+0	5.032179E-2
5.000000E+0	1.714573E-1
5.200000E+0	2.589524E-1
5.400000E+0	4.122661E-1
5.600000E+0	5.294012E-1
5.800000E+0	6.160591E-1
6.000000E+0	5.793671E-1
6.200000E+0	5.427318E-1
6.400000E+0	4.944093E-1
6.600000E+0	3.514844E-1
6.800000E+0	4.212735E-1
7.000000E+0	5.444841E-1
7.200000E+0	7.269146E-1
7.400000E+0	8.575942E-1
7.600000E+0	8.762458E-1
7.800000E+0	7.046941E-1
8.000000E+0	6.215163E-1
8.200000E+0	4.662725E-1
8.400000E+0	4.118192E-1
8.600000E+0	4.790889E-1
8.800000E+0	6.153584E-1
9.000000E+0	9.577674E-1
9.200000E+0	1.102300E+0
9.400000E+0	1.538780E+0
9.600000E+0	1.736354E+0
9.800000E+0	1.838309E+0
1.000000E+1	1.736909E+0
1.020000E+1	1.533985E+0
1.040000E+1	1.369931E+0
1.060000E+1	1.187902E+0
1.080000E+1	1.226972E+0
1.100000E+1	1.277018E+0
1.120000E+1	1.450047E+0
1.140000E+1	1.481659E+0
1.160000E+1	1.527114E+0
1.180000E+1	1.434624E+0
1.200000E+1	1.451516E+0
1.220000E+1	1.375309E+0
1.240000E+1	1.616107E+0
1.260000E+1	1.723017E+0
1.280000E+1	1.864515E+0
1.300000E+1	2.132360E+0
1.320000E+1	2.393196E+0
1.340000E+1	2.569377E+0
1.360000E+1	2.456175E+0
1.380000E+1	2.380274E+0
1.400000E+1	2.612262E+0
1.420000E+1	2.854146E+0
1.440000E+1	3.071411E+0
1.460000E+1	3.146169E+0
1.480000E+1	3.159816E+0
1.500000E+1	3.003452E+0
1.520000E+1	2.693502E+0
1.540000E+1	2.429523E+0
1.560000E+1	2.214029E+0
1.580000E+1	2.100332E+0
1.600000E+1	1.929713E+0
1.620000E+1	1.820540E+0
1.640000E+1	1.694141E+0
1.660000E+1	1.654719E+0
1.680000E+1	1.626748E+0
1.700000E+1	1.461267E+0
1.720000E+1	1.273196E+0
1.740000E+1	1.141170E+0
1.760000E+1	1.085107E+0
1.780000E+1	1.080500E+0
1.800000E+1	1.041217E+0
1.820000E+1	1.091779E+0
1.840000E+1	1.083337E+0
1.860000E+1	1.040174E+0
1.880000E+1	9.282715E-1
1.900000E+1	7.784091E-1
1.920000E+1	7.768228E-1
1.940000E+1	7.134459E-1
1.960000E+1	6.974558E-1
1.980000E+1	6.762876E-1
2.000000E+1	7.261217E-1
2.020000E+1	6.943334E-1
2.040000E+1	6.793899E-1
2.060000E+1	5.836907E-1
2.080000E+1	5.981872E-1
2.100000E+1	5.154536E-1
2.120000E+1	4.455364E-1
2.140000E+1	3.690297E-1
2.160000E+1	3.792102E-1
2.180000E+1	3.045595E-1
2.200000E+1	3.675730E-1
2.220000E+1	3.839282E-1
2.240000E+1	3.885261E-1
2.260000E+1	3.320512E-1
2.280000E+1	3.305784E-1
2.300000E+1	2.816436E-1
2.320000E+1	1.532560E-1
2.340000E+1	2.067150E-1
2.360000E+1	1.444016E-1
2.380000E+1	1.526742E-1
2.400000E+1	1.309325E-1
2.420000E+1	2.237651E-1
2.440000E+1	2.228237E-1
2.460000E+1	1.372955E-1
2.480000E+1	1.903826E-1
2.500000E+1	1.906625E-1
2.520000E+1	1.434782E-1
2.540000E+1	1.366060E-1
2.560000E+1	1.477443E-1
2.580000E+1	2.348610E-1
2.600000E+1	2.354790E-1
2.620000E+1	1.292814E-1
2.640000E+1	1.523831E-1
2.660000E+1	1.423049E-1
2.680000E+1	1.516005E-1
2.700000E+1	1.005124E-1
2.720000E+1	1.190811E-1
2.740000E+1	1.228838E-1
2.760000E+1	1.759346E-1
2.780000E+1	1.193209E-1
2.800000E+1	1.403957E-1
2.820000E+1	1.924322E-1
2.840000E+1	1.469218E-1
2.860000E+1	1.108368E-2
2.880000E+1	-7.700671E-2
2.900000E+1	-9.049573E-2
2.920000E+1	4.290889E-2
2.940000E+1	1.027648E-1
2.960000E+1	1.301446E-1
2.980000E+1	5.238575E-2
3.000000E+1	3.701786E-2
3.020000E+1	1.013083E-1
3.040000E+1	1.378399E-1
3.060000E+1	1.705380E-1
3.080000E+1	2.072752E-1
3.100000E+1	2.358666E-1
3.120000E+1	1.332250E-1
3.140000E+1	3.120974E-2
3.160000E+1	-5.410387E-3
3.180000E+1	6.928068E-3
3.200000E+1	-3.722887E-2
3.220000E+1	-3.884059E-2
3.240000E+1	4.899512E-3
3.260000E+1	8.730734E-2
3.280000E+1	1.134347E-1
3.300000E+1	1.545347E-1
3.320000E+1	1.950651E-1
3.340000E+1	1.970947E-1
3.360000E+1	2.384218E-1
3.380000E+1	1.937289E-1
3.400000E+1	1.823165E-1
3.420000E+1	1.330448E-1
3.440000E+1	1.174952E-1
3.460000E+1	1.292564E-1
3.480000E+1	1.567237E-1
3.500000E+1	2.654382E-1
3.520000E+1	3.053742E-1
3.540000E+1	2.698739E-1
3.560000E+1	9.862375E-2
3.580000E+1	1.676159E-1
3.600000E+1	1.400657E-1
3.620000E+1	2.111352E-1
3.640000E+1	1.667245E-1
3.660000E+1	2.319151E-1
3.680000E+1	1.312796E-1
3.700000E+1	1.662987E-1
3.720000E+1	1.132787E-1
3.740000E+1	8.672336E-2
3.760000E+1	-3.258883E-2
3.780000E+1	-1.171515E-1
3.800000E+1	-1.939956E-1
3.820000E+1	-1.183306E-1
3.840000E+1	-3.695088E-2
3.860000E+1	6.042017E-2
3.880000E+1	-9.206467E-2
3.900000E+1	-1.261796E-1
3.920000E+1	-8.985364E-2
3.940000E+1	-9.646387E-2
3.960000E+1	8.275401E-2
3.980000E+1	1.885507E-1
