0.000000E+0	-1.082815E-3
2.000000E-1	9.859845E-3
4.000000E-1	-4.165564E-3
6.000000E-1	-1.070537E-2
8.000000E-1	-2.137502E-2
1.000000E+0	-3.952046E-2
1.200000E+0	-4.773399E-2
1.400000E+0	-5.468007E-2
1.600000E+0	-6.252754E-3
1.800000E+0	5.241161E-2
2.000000E+0	1.221618E-1
2.200000E+0	1.962035E-1
2.400000E+0	2.585761E-1
2.600000E+0	1.538338E-1
2.800000E+0	8.478062E-2
3.000000E+0	9.096725E-2
3.200000E+0	1.318703E-1
3.400000E+0	1.044232E-1
3.600000E+0	1.054686E-1
3.800000E+0	1.118680E-1
4.000000E+0	1.791580E-1
4.200000E+0	3.193816E-1
4.400000E+0	2.672595E-1
4.600000E+0	1.350894E-1
4.800000E+0	1.131485E-1
5.000000E+0	1.898446E-1
5.200000E+0	4.086657E-1
5.400000E+0	7.010404E-1
5.600000E+0	9.897979E-1
5.800000E+0	1.217375E+0
6.000000E+0	1.286394E+0
6.200000E+0	1.392995E+0
6.400000E+0	1.515717E+0
6.600000E+0	1.580436E+0
6.800000E+0	1.780654E+0
7.000000E+0	1.808897E+0
7.200000E+0	1.944249E+0
7.400000E+0	2.053690E+0
7.600000E+0	2.213989E+0
7.800000E+0	2.273957E+0
8.000000E+0	2.356049E+0
8.200000E+0	2.380137E+0
8.400000E+0	2.388636E+0
8.600000E+0	2.417520E+0
8.800000E+0	2.460737E+0
9.000000E+0	2.504284E+0
9.200000E+0	2.561743E+0
9.400000E+0	2.657264E+0
9.600000E+0	2.688106E+0
9.800000E+0	2.869589E+0
1.000000E+1	2.843841E+0
1.020000E+1	2.862201E+0
1.040000E+1	2.898077E+0
1.060000E+1	3.018458E+0
1.080000E+1	3.098867E+0
1.100000E+1	3.079646E+0
1.120000E+1	3.075687E+0
1.140000E+1	3.144317E+0
1.160000E+1	3.180845E+0
1.180000E+1	3.254300E+0
1.200000E+1	3.318532E+0
1.220000E+1	3.341356E+0
1.240000E+1	3.398733E+0
1.260000E+1	3.540599E+0
1.280000E+1	3.729385E+0
1.300000E+1	3.853872E+0
1.320000E+1	3.936955E+0
1.340000E+1	4.010922E+0
1.360000E+1	4.072761E+0
1.380000E+1	4.200823E+0
1.400000E+1	4.309270E+0
1.420000E+1	4.442560E+0
1.440000E+1	4.689169E+0
1.460000E+1	4.929501E+0
1.480000E+1	4.970826E+0
1.500000E+1	4.794105E+0
1.520000E+1	4.527174E+0
1.540000E+1	4.215986E+0
1.560000E+1	3.914199E+0
1.580000E+1	3.578530E+0
1.600000E+1	3.376754E+0
1.620000E+1	3.210328E+0
1.640000E+1	2.993356E+0
1.660000E+1	2.734135E+0
1.680000E+1	2.567334E+0
1.700000E+1	2.433619E+0
1.720000E+1	2.276825E+0
1.740000E+1	2.150951E+0
1.760000E+1	2.066786E+0
1.780000E+1	2.069575E+0
1.800000E+1	2.011791E+0
1.820000E+1	2.018085E+0
1.840000E+1	1.724078E+0
1.860000E+1	1.586708E+0
1.880000E+1	1.505303E+0
1.900000E+1	1.481607E+0
1.920000E+1	1.456752E+0
1.940000E+1	1.395424E+0
1.960000E+1	1.413226E+0
1.980000E+1	1.354081E+0
2.000000E+1	1.275718E+0
2.020000E+1	1.152127E+0
2.040000E+1	1.124331E+0
2.060000E+1	1.127902E+0
2.080000E+1	1.292026E+0
2.100000E+1	1.335389E+0
2.120000E+1	1.336299E+0
2.140000E+1	1.222911E+0
2.160000E+1	1.131366E+0
2.180000E+1	1.042386E+0
2.200000E+1	1.020098E+0
2.220000E+1	1.127889E+0
2.240000E+1	1.111528E+0
2.260000E+1	1.085188E+0
2.280000E+1	1.007991E+0
2.300000E+1	9.615028E-1
2.320000E+1	8.889316E-1
2.340000E+1	8.993991E-1
2.360000E+1	8.669108E-1
2.380000E+1	8.865707E-1
2.400000E+1	9.367462E-1
2.420000E+1	8.407464E-1
2.440000E+1	8.979987E-1
2.460000E+1	9.712723E-1
2.480000E+1	1.092269E+0
2.500000E+1	1.051615E+0
2.520000E+1	1.049409E+0
2.540000E+1	1.062538E+0
2.560000E+1	1.129078E+0
2.580000E+1	1.123697E+0
2.600000E+1	1.055797E+0
2.620000E+1	9.318428E-1
2.640000E+1	8.817972E-1
2.660000E+1	7.962826E-1
2.680000E+1	7.803569E-1
2.700000E+1	7.678042E-1
2.720000E+1	8.435353E-1
2.740000E+1	8.363982E-1
2.760000E+1	8.809612E-1
2.780000E+1	8.276839E-1
2.800000E+1	8.160263E-1
2.820000E+1	7.723636E-1
2.840000E+1	7.557806E-1
2.860000E+1	7.782713E-1
2.880000E+1	7.904571E-1
2.900000E+1	8.551859E-1
2.920000E+1	7.775047E-1
2.940000E+1	7.951142E-1
2.960000E+1	7.048145E-1
2.980000E+1	6.823022E-1
3.000000E+1	5.705008E-1
3.020000E+1	5.050765E-1
3.040000E+1	5.466876E-1
3.060000E+1	7.066211E-1
3.080000E+1	6.983418E-1
3.100000E+1	6.419390E-1
3.120000E+1	5.537662E-1
3.140000E+1	4.907764E-1
3.160000E+1	4.679991E-1
3.180000E+1	4.695737E-1
3.200000E+1	4.982575E-1
3.220000E+1	4.682713E-1
3.240000E+1	5.463215E-1
3.260000E+1	5.666110E-1
3.280000E+1	6.314427E-1
3.300000E+1	5.249485E-1
3.320000E+1	5.034846E-1
3.340000E+1	4.727110E-1
3.360000E+1	5.681668E-1
3.380000E+1	5.293099E-1
3.400000E+1	5.344817E-1
3.420000E+1	4.520262E-1
3.440000E+1	4.786184E-1
3.460000E+1	3.941931E-1
3.480000E+1	3.593031E-1
3.500000E+1	3.455994E-1
3.520000E+1	3.864938E-1
3.540000E+1	3.762550E-1
3.560000E+1	2.951257E-1
3.580000E+1	2.787068E-1
3.600000E+1	2.448045E-1
3.620000E+1	2.831020E-1
3.640000E+1	1.961594E-1
3.660000E+1	1.932356E-1
3.680000E+1	1.713849E-1
3.700000E+1	1.840383E-1
3.720000E+1	2.524847E-1
3.740000E+1	3.094004E-1
3.760000E+1	2.711045E-1
3.780000E+1	3.185617E-1
3.800000E+1	3.473333E-1
3.820000E+1	3.331518E-1
3.840000E+1	2.693639E-1
3.860000E+1	2.597038E-1
3.880000E+1	3.241301E-1
3.900000E+1	1.927796E-1
3.920000E+1	1.604521E-1
3.940000E+1	2.757094E-2
3.960000E+1	1.144434E-1
3.980000E+1	1.105063E-1
