10.013780
10.063780
10.113780
10.163780
10.213780
10.263780
10.313800
10.363800
10.413800
10.463780
10.513800
10.563780
10.613780
10.663780
10.713800
10.763800
10.813780
10.863800
10.913780
10.963780
11.013800
11.063800
11.113780
11.163780
11.213780
11.263800
11.313800
11.363780
11.413780
11.463800
11.513800
11.563800
11.613780
11.663780
11.713780
11.763800
11.813800
11.863780
11.913780
11.963780
12.013780
12.063800
12.113780
12.163800
12.213780
12.263780
12.313800
12.363780
12.413800
12.463780
12.513780
12.563800
12.613780
12.663800
12.713800
12.763780
12.813800
12.863780
12.913800
12.963800
13.013780
13.063800
13.113780
13.163800
13.213800
13.263780
13.313800
13.363780
13.413800
13.463780
13.513780
13.563800
13.613780
13.663800
13.713780
13.763780
13.813800
13.863780
13.913800
13.963780
14.013780
14.063780
14.113800
14.163800
14.213780
14.263780
14.313780
14.363800
14.413800
14.463780
14.513780
14.563780
14.613800
14.663800
14.713780
14.763780
14.813780
14.863800
14.913800
14.963780
15.013780
15.063780
15.113800
15.163800
15.213780
15.263780
15.313780
15.363800
15.413800
15.463800
15.513780
15.563780
15.613800
15.663800
15.713800
15.763780
15.813780
15.863800
15.913800
15.963800
16.013780
16.063780
16.113800
16.163800
16.213800
16.263780
16.313780
16.363800
16.413800
16.463800
16.513780
16.563780
16.613800
16.663800
16.713800
16.763780
16.813780
16.863800
16.913800
16.963800
17.013780
17.063780
17.113800
17.163800
17.213780
17.263780
17.313780
17.363800
17.413800
17.463780
17.513780
17.563780
17.613800
17.663800
17.713780
17.763780
17.813780
17.863800
17.913800
17.963780
18.013780
18.063800
18.113780
18.163800
18.213800
18.263780
18.313800
18.363780
18.413800
18.463800
18.513780
18.563800
18.613780
18.663800
18.713800
18.763780
18.813800
18.863780
18.913800
18.963800
19.013780
19.063800
19.113780
19.163800
19.213800
19.263780
19.313800
19.363780
19.413780
19.463800
19.513780
19.563800
19.613780
19.663780
19.713800
19.763780
19.813800
19.863780
19.913780
19.963800
