0.000000E+0	-1.382445E-1
2.000000E-1	-4.084300E-2
4.000000E-1	-7.022934E-2
6.000000E-1	6.906971E-2
8.000000E-1	-2.334399E-2
1.000000E+0	-8.430104E-2
1.200000E+0	-5.457687E-2
1.400000E+0	-1.591804E-2
1.600000E+0	6.875921E-2
1.800000E+0	-9.784912E-3
2.000000E+0	1.611683E-1
2.200000E+0	1.359804E-1
2.400000E+0	-5.789803E-2
2.600000E+0	-7.033816E-2
2.800000E+0	1.740421E-2
3.000000E+0	9.786622E-2
3.200000E+0	1.289008E-1
3.400000E+0	1.170652E-1
3.600000E+0	-7.953913E-2
3.800000E+0	-3.074618E-1
4.000000E+0	1.176913E-1
4.200000E+0	3.593394E-1
4.400000E+0	2.066543E-1
4.600000E+0	-1.180432E-1
4.800000E+0	1.956504E-2
5.000000E+0	4.744554E-1
5.200000E+0	4.410904E-1
5.400000E+0	5.511102E-1
5.600000E+0	5.437823E-1
5.800000E+0	5.143501E-1
6.000000E+0	6.867313E-1
6.200000E+0	8.141530E-1
6.400000E+0	7.945782E-1
6.600000E+0	7.082390E-1
6.800000E+0	8.130954E-1
7.000000E+0	1.154532E+0
7.200000E+0	1.320354E+0
7.400000E+0	9.682895E-1
7.600000E+0	8.036914E-1
7.800000E+0	8.319550E-1
8.000000E+0	6.067428E-1
8.200000E+0	7.101196E-1
8.400000E+0	7.263109E-1
8.600000E+0	8.643612E-1
8.800000E+0	6.901645E-1
9.000000E+0	4.410011E-1
9.200000E+0	6.752205E-1
9.400000E+0	8.975955E-1
9.600000E+0	8.107584E-1
9.800000E+0	7.713109E-1
1.000000E+1	9.024054E-1
1.020000E+1	9.448925E-1
1.040000E+1	7.534080E-1
1.060000E+1	9.264055E-1
1.080000E+1	1.034596E+0
1.100000E+1	9.118449E-1
1.120000E+1	8.445860E-1
1.140000E+1	9.663644E-1
1.160000E+1	1.045079E+0
1.180000E+1	1.067335E+0
1.200000E+1	1.022465E+0
1.220000E+1	8.845380E-1
1.240000E+1	9.080449E-1
1.260000E+1	9.455350E-1
1.280000E+1	1.066110E+0
1.300000E+1	1.315813E+0
1.320000E+1	1.124703E+0
1.340000E+1	1.097478E+0
1.360000E+1	1.015560E+0
1.380000E+1	7.980055E-1
1.400000E+1	1.161110E+0
1.420000E+1	1.288730E+0
1.440000E+1	1.199238E+0
1.460000E+1	1.054685E+0
1.480000E+1	1.261180E+0
1.500000E+1	1.097426E+0
1.520000E+1	1.061412E+0
1.540000E+1	1.209405E+0
1.560000E+1	9.393242E-1
1.580000E+1	9.451634E-1
1.600000E+1	1.005035E+0
1.620000E+1	8.589111E-1
1.640000E+1	9.244132E-1
1.660000E+1	7.298641E-1
1.680000E+1	7.849656E-1
1.700000E+1	7.328958E-1
1.720000E+1	6.974897E-1
1.740000E+1	5.009104E-1
1.760000E+1	5.628456E-1
1.780000E+1	4.689716E-1
1.800000E+1	6.801465E-1
1.820000E+1	6.554592E-1
1.840000E+1	2.519354E-1
1.860000E+1	3.851395E-1
1.880000E+1	5.087937E-1
1.900000E+1	6.178127E-1
1.920000E+1	5.344469E-1
1.940000E+1	5.190248E-1
1.960000E+1	7.854709E-1
1.980000E+1	6.624084E-1
2.000000E+1	5.145915E-1
2.020000E+1	3.537209E-1
2.040000E+1	2.424569E-1
2.060000E+1	2.707009E-1
2.080000E+1	4.689219E-1
2.100000E+1	3.673428E-1
2.120000E+1	3.628710E-1
2.140000E+1	4.557423E-1
2.160000E+1	3.338549E-1
2.180000E+1	3.820495E-1
2.200000E+1	4.488282E-1
2.220000E+1	3.811507E-1
2.240000E+1	2.115174E-1
2.260000E+1	2.259670E-2
2.280000E+1	-1.135699E-1
2.300000E+1	8.212055E-2
2.320000E+1	1.456443E-1
2.340000E+1	3.469363E-1
2.360000E+1	4.344560E-1
2.380000E+1	3.275021E-1
2.400000E+1	2.780198E-1
2.420000E+1	2.189127E-1
2.440000E+1	2.204102E-1
2.460000E+1	1.597013E-1
2.480000E+1	1.546716E-1
2.500000E+1	6.044029E-2
2.520000E+1	2.156544E-1
2.540000E+1	2.763955E-1
2.560000E+1	2.231774E-1
2.580000E+1	1.883539E-1
2.600000E+1	2.485074E-1
2.620000E+1	1.815190E-1
2.640000E+1	3.439944E-1
2.660000E+1	1.156703E-1
2.680000E+1	1.413669E-1
2.700000E+1	3.446823E-2
2.720000E+1	3.335803E-2
2.740000E+1	1.145655E-1
2.760000E+1	2.883241E-1
2.780000E+1	1.040711E-1
2.800000E+1	1.510987E-1
2.820000E+1	2.414641E-1
2.840000E+1	1.628269E-1
2.860000E+1	3.980064E-2
2.880000E+1	-1.488960E-1
2.900000E+1	-9.417150E-2
2.920000E+1	6.073915E-2
2.940000E+1	1.655429E-1
2.960000E+1	2.820106E-2
2.980000E+1	1.922469E-2
3.000000E+1	2.705433E-1
3.020000E+1	1.669633E-1
3.040000E+1	3.170862E-1
3.060000E+1	-1.933377E-2
3.080000E+1	2.916702E-2
3.100000E+1	1.424413E-2
3.120000E+1	-2.329473E-1
3.140000E+1	-1.448023E-2
3.160000E+1	-2.824760E-1
3.180000E+1	-2.924279E-1
3.200000E+1	-1.051336E-1
3.220000E+1	2.840869E-1
3.240000E+1	1.453664E-1
3.260000E+1	8.349239E-2
3.280000E+1	1.235199E-1
3.300000E+1	-1.051823E-2
3.320000E+1	-1.923801E-1
3.340000E+1	1.637271E-1
3.360000E+1	2.213804E-1
3.380000E+1	1.726109E-1
3.400000E+1	6.177026E-2
3.420000E+1	1.350629E-1
3.440000E+1	1.657504E-1
3.460000E+1	1.471838E-1
3.480000E+1	1.037310E-1
3.500000E+1	1.112490E-1
3.520000E+1	5.180707E-2
3.540000E+1	3.910299E-2
3.560000E+1	1.809854E-1
3.580000E+1	2.164300E-1
3.600000E+1	1.692085E-1
3.620000E+1	1.130273E-1
3.640000E+1	-1.337150E-2
3.660000E+1	-1.695469E-1
3.680000E+1	-1.243556E-1
3.700000E+1	-4.787458E-2
3.720000E+1	-8.301933E-2
3.740000E+1	-2.587637E-3
3.760000E+1	6.642635E-2
3.780000E+1	3.717116E-2
3.800000E+1	-2.566732E-1
3.820000E+1	-1.482569E-1
3.840000E+1	9.918355E-2
3.860000E+1	-1.282874E-1
3.880000E+1	-2.161336E-1
3.900000E+1	-9.457015E-2
3.920000E+1	4.724221E-2
3.940000E+1	-4.869354E-2
3.960000E+1	-1.852973E-1
3.980000E+1	-5.361977E-2
