0.000000E+0	-1.224034E-1
2.000000E-1	-8.384055E-2
4.000000E-1	-2.073385E-1
6.000000E-1	2.675264E-2
8.000000E-1	-6.993844E-2
1.000000E+0	1.318670E-2
1.200000E+0	-1.448636E-1
1.400000E+0	5.934190E-2
1.600000E+0	1.156278E-1
1.800000E+0	1.007319E-1
2.000000E+0	-1.663884E-2
2.200000E+0	1.148811E-1
2.400000E+0	-6.350319E-2
2.600000E+0	-1.088254E-1
2.800000E+0	-2.700438E-1
3.000000E+0	-2.299869E-1
3.200000E+0	-1.924329E-1
3.400000E+0	-1.011975E-1
3.600000E+0	1.020304E-1
3.800000E+0	9.338944E-3
4.000000E+0	2.104061E-1
4.200000E+0	1.158803E-1
4.400000E+0	7.862952E-2
4.600000E+0	1.008783E-1
4.800000E+0	5.471847E-1
5.000000E+0	9.782429E-1
5.200000E+0	9.951486E-1
5.400000E+0	1.349008E+0
5.600000E+0	1.618791E+0
5.800000E+0	1.962168E+0
6.000000E+0	1.809162E+0
6.200000E+0	1.886481E+0
6.400000E+0	2.142931E+0
6.600000E+0	2.059044E+0
6.800000E+0	2.073555E+0
7.000000E+0	2.310910E+0
7.200000E+0	2.345948E+0
7.400000E+0	2.583228E+0
7.600000E+0	2.409060E+0
7.800000E+0	2.548173E+0
8.000000E+0	2.814670E+0
8.200000E+0	3.123351E+0
8.400000E+0	3.407011E+0
8.600000E+0	3.470638E+0
8.800000E+0	3.336060E+0
9.000000E+0	2.987833E+0
9.200000E+0	2.981602E+0
9.400000E+0	3.427584E+0
9.600000E+0	3.920940E+0
9.800000E+0	4.191145E+0
1.000000E+1	3.956256E+0
1.020000E+1	3.629750E+0
1.040000E+1	3.523315E+0
1.060000E+1	4.065748E+0
1.080000E+1	4.486746E+0
1.100000E+1	4.790095E+0
1.120000E+1	4.875470E+0
1.140000E+1	4.303972E+0
1.160000E+1	4.427527E+0
1.180000E+1	4.703178E+0
1.200000E+1	5.037886E+0
1.220000E+1	5.129880E+0
1.240000E+1	5.123130E+0
1.260000E+1	5.181285E+0
1.280000E+1	5.471074E+0
1.300000E+1	5.254336E+0
1.320000E+1	5.309063E+0
1.340000E+1	5.829167E+0
1.360000E+1	5.987215E+0
1.380000E+1	6.358259E+0
1.400000E+1	6.482878E+0
1.420000E+1	6.478828E+0
1.440000E+1	6.384063E+0
1.460000E+1	6.346831E+0
1.480000E+1	6.227725E+0
1.500000E+1	5.556780E+0
1.520000E+1	5.066906E+0
1.540000E+1	4.445901E+0
1.560000E+1	3.777267E+0
1.580000E+1	3.541493E+0
1.600000E+1	3.169805E+0
1.620000E+1	2.766508E+0
1.640000E+1	2.713782E+0
1.660000E+1	2.398535E+0
1.680000E+1	2.227796E+0
1.700000E+1	1.998879E+0
1.720000E+1	1.890775E+0
1.740000E+1	1.719568E+0
1.760000E+1	1.601533E+0
1.780000E+1	1.504804E+0
1.800000E+1	1.438347E+0
1.820000E+1	1.384272E+0
1.840000E+1	1.381640E+0
1.860000E+1	1.381180E+0
1.880000E+1	1.084101E+0
1.900000E+1	1.018205E+0
1.920000E+1	1.120980E+0
1.940000E+1	1.204551E+0
1.960000E+1	1.154993E+0
1.980000E+1	9.738626E-1
2.000000E+1	9.194813E-1
2.020000E+1	8.450560E-1
2.040000E+1	9.799568E-1
2.060000E+1	1.198433E+0
2.080000E+1	1.141662E+0
2.100000E+1	6.509210E-1
2.120000E+1	2.234066E-1
2.140000E+1	7.889829E-2
2.160000E+1	6.808899E-1
2.180000E+1	7.804765E-1
2.200000E+1	9.043977E-1
2.220000E+1	8.267407E-1
2.240000E+1	7.381503E-1
2.260000E+1	6.217497E-1
2.280000E+1	5.508991E-1
2.300000E+1	7.138068E-1
2.320000E+1	5.919417E-1
2.340000E+1	5.148577E-1
2.360000E+1	4.320793E-1
2.380000E+1	4.016425E-1
2.400000E+1	5.959799E-1
2.420000E+1	5.329449E-1
2.440000E+1	5.517040E-1
2.460000E+1	2.929100E-1
2.480000E+1	2.395223E-1
2.500000E+1	2.197990E-1
2.520000E+1	3.367256E-1
2.540000E+1	3.960003E-1
2.560000E+1	2.622219E-1
2.580000E+1	1.946877E-1
2.600000E+1	1.641732E-1
2.620000E+1	2.231798E-1
2.640000E+1	1.069236E-1
2.660000E+1	2.627114E-1
2.680000E+1	2.913180E-1
2.700000E+1	3.108329E-1
2.720000E+1	3.106198E-1
2.740000E+1	2.576139E-1
2.760000E+1	1.289406E-1
2.780000E+1	1.510378E-1
2.800000E+1	7.230891E-2
2.820000E+1	5.771223E-2
2.840000E+1	-1.205353E-2
2.860000E+1	8.585181E-2
2.880000E+1	1.059940E-1
2.900000E+1	-7.864931E-2
2.920000E+1	2.197850E-1
2.940000E+1	1.023673E-1
2.960000E+1	7.914544E-2
2.980000E+1	2.259785E-2
3.000000E+1	-7.480754E-2
3.020000E+1	-8.506714E-2
3.040000E+1	-2.517124E-1
3.060000E+1	-1.063667E-1
3.080000E+1	-1.654980E-1
3.100000E+1	-2.522950E-1
3.120000E+1	-1.770085E-1
3.140000E+1	-4.058875E-2
3.160000E+1	-1.210103E-2
3.180000E+1	9.821457E-2
3.200000E+1	-2.853773E-1
3.220000E+1	-6.901379E-1
3.240000E+1	-5.001708E-1
3.260000E+1	-1.095327E-1
3.280000E+1	5.912328E-2
3.300000E+1	-1.709399E-3
3.320000E+1	-1.887253E-1
3.340000E+1	-3.380406E-1
3.360000E+1	-3.097628E-1
3.380000E+1	-4.016038E-1
3.400000E+1	-2.871714E-1
3.420000E+1	-1.396863E-1
3.440000E+1	-4.018050E-1
3.460000E+1	-1.618561E-1
3.480000E+1	-2.659003E-1
3.500000E+1	-3.458667E-1
3.520000E+1	-3.616711E-1
3.540000E+1	-3.167257E-1
3.560000E+1	-4.305143E-1
3.580000E+1	-5.014771E-1
3.600000E+1	-3.761244E-1
3.620000E+1	-3.743566E-1
3.640000E+1	-3.791241E-1
3.660000E+1	-4.809346E-1
3.680000E+1	-5.696641E-1
3.700000E+1	-5.188667E-1
3.720000E+1	-5.983552E-1
3.740000E+1	-5.185803E-1
3.760000E+1	-4.352506E-1
3.780000E+1	-5.340391E-1
3.800000E+1	-6.729287E-1
3.820000E+1	-6.299489E-1
3.840000E+1	-5.313948E-1
3.860000E+1	-5.495018E-1
3.880000E+1	-5.954489E-1
3.900000E+1	-4.444689E-1
3.920000E+1	-5.442922E-1
3.940000E+1	-5.430591E-1
3.960000E+1	-4.699493E-1
3.980000E+1	-5.376533E-1
