10.01378
10.03288
10.079
10.0876
10.0929
10.14818
10.18802
10.50052
11.4944
11.64096
11.68666
11.71878
11.86758
12.0121
12.50686
12.52224
12.63102
12.73782
12.87132
12.92188
13.02032
13.04316
13.06682
13.1398
13.41242
13.42014
13.42524
13.4393
13.52722
13.62084
13.90726
13.93634
14.1391
14.18044
14.2297
14.23484
14.24612
14.265
14.29844
14.37506
14.41688
14.42966
14.54388
14.55394
14.8385
15.11942
15.16984
15.28216
15.28978
15.2991
15.31944
15.3256
15.43236
15.49122
15.77768
15.81964
15.82554
16.04218
16.2443
16.2729
16.27964
16.28498
16.39334
16.4159
16.43306
16.5225
16.5284
16.73718
17.03958
17.0664
17.1174
17.15594
17.25766
17.34688
17.45956
17.49512
18.10238
18.25536
18.28028
18.31304
18.3803
18.49604
18.5013
18.50686
18.5165
18.58826
18.8183
18.87468
18.88468
18.8899
18.89518
18.94658
19.14014
19.2399
19.3878
19.39302
19.63236
19.69006
19.79406
19.97422
