10.01378
10.11378
10.21378
10.3138
10.4138
10.5138
10.61378
10.7138
10.81378
10.91378
11.0138
11.11378
11.21378
11.3138
11.41378
11.5138
11.61378
11.71378
11.8138
11.91378
12.01378
12.11378
12.21378
12.3138
12.4138
12.51378
12.61378
12.7138
12.8138
12.9138
13.01378
13.11378
13.2138
13.3138
13.4138
13.51378
13.61378
13.71378
13.8138
13.9138
14.01378
14.1138
14.21378
14.31378
14.4138
14.51378
14.6138
14.71378
14.81378
14.9138
15.01378
15.1138
15.21378
15.31378
15.4138
15.51378
15.6138
15.7138
15.81378
15.9138
16.01378
16.1138
16.2138
16.31378
16.4138
16.51378
16.6138
16.7138
16.81378
16.9138
17.01378
17.1138
17.21378
17.31378
17.4138
17.51378
17.6138
17.71378
17.81378
17.9138
18.01378
18.11378
18.2138
18.3138
18.4138
18.51378
18.61378
18.7138
18.8138
18.9138
19.01378
19.11378
19.2138
19.3138
19.41378
19.51378
19.61378
19.7138
19.8138
19.91378
