10.01378
10.02142
10.02642
10.07092
10.08124
10.19484
10.5276
10.55596
10.56296
10.5772
10.6479
10.6941
10.73968
10.78378
10.84722
11.02988
11.03682
11.04202
11.04864
11.06646
11.09412
11.10556
11.31944
11.34158
11.393
11.52104
11.52636
11.56422
11.61626
11.68086
11.71954
11.72514
11.74
11.75522
11.8537
11.87356
11.8787
11.88614
11.93806
11.9668
11.99216
12.01422
12.03362
12.10414
12.49342
12.50172
12.57256
12.65924
12.69652
12.79022
12.80998
12.82266
12.91562
12.93036
12.9486
12.95806
13.17096
13.36798
13.37688
13.51598
13.52146
13.54694
13.55468
13.5908
13.61152
13.71248
13.71818
13.73888
13.90432
13.92534
14.06554
14.08812
14.12956
14.35892
14.37746
14.6694
14.71232
14.76712
14.77404
14.9054
14.9918
15.06366
15.14104
15.16864
15.17434
15.18128
15.2862
15.30058
15.47776
15.49472
15.49974
15.5159
15.54362
15.55038
15.57482
15.65432
15.66002
15.6656
15.6895
15.69632
15.7099
15.7154
15.73
15.7903
15.83984
15.90022
15.9213
15.92688
16.03998
16.05632
16.06146
16.06772
16.07274
16.08246
16.14162
16.1698
16.18582
16.21356
16.41104
16.4171
16.42574
16.57734
16.67946
16.68946
16.73748
16.745
16.75066
16.75688
16.76536
16.80908
16.81612
16.82146
16.83932
16.89468
16.89978
16.90994
16.91774
16.92504
16.9476
16.97378
17.1936
17.38598
17.391
17.4134
17.48092
17.49546
17.52332
17.5922
17.61124
17.61876
17.63086
17.6417
17.70786
17.72756
17.76648
17.7872
17.87936
17.92714
17.98648
18.0141
18.01938
18.0247
18.03178
18.08338
18.13624
18.14534
18.17322
18.34998
18.355
18.42844
18.43524
18.56298
18.57116
18.69362
18.9293
18.99354
19.01238
19.0174
19.13806
19.21816
19.33622
19.34472
19.52094
19.52808
19.6321
19.69702
19.70446
19.7272
19.73578
19.74628
19.75868
19.76462
19.78212
19.8733
19.87932
19.93778
19.95134
19.9793
19.9864
19.99448
