0.000000E+0	-6.196626E-2
2.000000E-1	-1.211026E-2
4.000000E-1	-2.085538E-2
6.000000E-1	6.739727E-2
8.000000E-1	-1.554364E-2
1.000000E+0	-1.062435E-1
1.200000E+0	-8.848298E-3
1.400000E+0	-4.315443E-2
1.600000E+0	6.808560E-2
1.800000E+0	1.332389E-1
2.000000E+0	1.386322E-1
2.200000E+0	1.820279E-1
2.400000E+0	2.075517E-1
2.600000E+0	1.239930E-2
2.800000E+0	7.455334E-2
3.000000E+0	2.594064E-3
3.200000E+0	-2.221400E-2
3.400000E+0	-7.117298E-2
3.600000E+0	4.481071E-2
3.800000E+0	1.383890E-1
4.000000E+0	6.453258E-2
4.200000E+0	8.710401E-2
4.400000E+0	-3.273057E-2
4.600000E+0	-5.013932E-1
4.800000E+0	-1.802798E-1
5.000000E+0	-6.550546E-2
5.200000E+0	1.620411E-3
5.400000E+0	3.899408E-2
5.600000E+0	2.339441E-1
5.800000E+0	4.058624E-1
6.000000E+0	4.430348E-1
6.200000E+0	3.849177E-1
6.400000E+0	3.841477E-1
6.600000E+0	5.698601E-1
6.800000E+0	8.036467E-1
7.000000E+0	8.736979E-1
7.200000E+0	1.150402E+0
7.400000E+0	1.282873E+0
7.600000E+0	1.341091E+0
7.800000E+0	1.402360E+0
8.000000E+0	1.591262E+0
8.200000E+0	1.607450E+0
8.400000E+0	1.547157E+0
8.600000E+0	2.007111E+0
8.800000E+0	2.237846E+0
9.000000E+0	2.352728E+0
9.200000E+0	2.504135E+0
9.400000E+0	2.470581E+0
9.600000E+0	2.645811E+0
9.800000E+0	3.076734E+0
1.000000E+1	3.427788E+0
1.020000E+1	3.322877E+0
1.040000E+1	3.365655E+0
1.060000E+1	3.716117E+0
1.080000E+1	4.012159E+0
1.100000E+1	4.091978E+0
1.120000E+1	4.201437E+0
1.140000E+1	4.153908E+0
1.160000E+1	4.374984E+0
1.180000E+1	4.867094E+0
1.200000E+1	4.727471E+0
1.220000E+1	4.924700E+0
1.240000E+1	5.168708E+0
1.260000E+1	5.284462E+0
1.280000E+1	5.903532E+0
1.300000E+1	6.024298E+0
1.320000E+1	6.080793E+0
1.340000E+1	6.370654E+0
1.360000E+1	6.713862E+0
1.380000E+1	6.936602E+0
1.400000E+1	6.801397E+0
1.420000E+1	6.859041E+0
1.440000E+1	7.228134E+0
1.460000E+1	7.223072E+0
1.480000E+1	7.556533E+0
1.500000E+1	7.597159E+0
1.520000E+1	7.467282E+0
1.540000E+1	7.268390E+0
1.560000E+1	7.447203E+0
1.580000E+1	7.409838E+0
1.600000E+1	7.081868E+0
1.620000E+1	6.827187E+0
1.640000E+1	6.782627E+0
1.660000E+1	6.707419E+0
1.680000E+1	6.521612E+0
1.700000E+1	6.182148E+0
1.720000E+1	5.917734E+0
1.740000E+1	5.784776E+0
1.760000E+1	5.774660E+0
1.780000E+1	5.389898E+0
1.800000E+1	5.106939E+0
1.820000E+1	4.862015E+0
1.840000E+1	4.722994E+0
1.860000E+1	4.702512E+0
1.880000E+1	4.571881E+0
1.900000E+1	4.336122E+0
1.920000E+1	4.205057E+0
1.940000E+1	4.144125E+0
1.960000E+1	4.141660E+0
1.980000E+1	3.824889E+0
2.000000E+1	3.700295E+0
2.020000E+1	3.620736E+0
2.040000E+1	3.582676E+0
2.060000E+1	3.370155E+0
2.080000E+1	3.275297E+0
2.100000E+1	3.065038E+0
2.120000E+1	2.900260E+0
2.140000E+1	3.063484E+0
2.160000E+1	2.977258E+0
2.180000E+1	2.741691E+0
2.200000E+1	2.589096E+0
2.220000E+1	2.623929E+0
2.240000E+1	2.621867E+0
2.260000E+1	2.479012E+0
2.280000E+1	2.502794E+0
2.300000E+1	2.552155E+0
2.320000E+1	2.246271E+0
2.340000E+1	2.167530E+0
2.360000E+1	2.158105E+0
2.380000E+1	2.198081E+0
2.400000E+1	2.145627E+0
2.420000E+1	2.153718E+0
2.440000E+1	2.149028E+0
2.460000E+1	2.190403E+0
2.480000E+1	1.993901E+0
2.500000E+1	2.052122E+0
2.520000E+1	1.802047E+0
2.540000E+1	1.787382E+0
2.560000E+1	1.801550E+0
2.580000E+1	1.773029E+0
2.600000E+1	1.764699E+0
2.620000E+1	1.782409E+0
2.640000E+1	1.750745E+0
2.660000E+1	1.690618E+0
2.680000E+1	1.630488E+0
2.700000E+1	1.582945E+0
2.720000E+1	1.585471E+0
2.740000E+1	1.451551E+0
2.760000E+1	1.262299E+0
2.780000E+1	1.369453E+0
2.800000E+1	1.207137E+0
2.820000E+1	1.228276E+0
2.840000E+1	1.188928E+0
2.860000E+1	1.021730E+0
2.880000E+1	1.142580E+0
2.900000E+1	1.124122E+0
2.920000E+1	1.189187E+0
2.940000E+1	1.185227E+0
2.960000E+1	1.176375E+0
2.980000E+1	1.005770E+0
3.000000E+1	1.146305E+0
3.020000E+1	1.198931E+0
3.040000E+1	1.023089E+0
3.060000E+1	9.985486E-1
3.080000E+1	1.048746E+0
3.100000E+1	9.785829E-1
3.120000E+1	9.736652E-1
3.140000E+1	9.972797E-1
3.160000E+1	8.167223E-1
3.180000E+1	9.252487E-1
3.200000E+1	1.059078E+0
3.220000E+1	8.172383E-1
3.240000E+1	7.759914E-1
3.260000E+1	9.968394E-1
3.280000E+1	9.392565E-1
3.300000E+1	9.673775E-1
3.320000E+1	9.875415E-1
3.340000E+1	7.194373E-1
3.360000E+1	7.935800E-1
3.380000E+1	9.444305E-1
3.400000E+1	8.921164E-1
3.420000E+1	8.905296E-1
3.440000E+1	8.540056E-1
3.460000E+1	8.714774E-1
3.480000E+1	8.805467E-1
3.500000E+1	7.102107E-1
3.520000E+1	5.559309E-1
3.540000E+1	8.490031E-1
3.560000E+1	8.334180E-1
3.580000E+1	6.062350E-1
3.600000E+1	5.879858E-1
3.620000E+1	5.599245E-1
3.640000E+1	4.628879E-1
3.660000E+1	5.355866E-1
3.680000E+1	6.339380E-1
3.700000E+1	4.421307E-1
3.720000E+1	5.610568E-1
3.740000E+1	7.314899E-1
3.760000E+1	6.630326E-1
3.780000E+1	4.596791E-1
3.800000E+1	2.708338E-1
3.820000E+1	2.699104E-1
3.840000E+1	3.125686E-1
3.860000E+1	2.792429E-1
3.880000E+1	3.574901E-1
3.900000E+1	3.888452E-1
3.920000E+1	4.573332E-1
3.940000E+1	2.365723E-1
3.960000E+1	3.740799E-1
3.980000E+1	5.141570E-1
