0.000000E+0	7.671658E-1
2.000000E-1	2.151788E-1
4.000000E-1	-2.011091E-1
6.000000E-1	1.858402E-1
8.000000E-1	1.765687E-1
1.000000E+0	7.430743E-2
1.200000E+0	-8.710597E-2
1.400000E+0	7.003616E-1
1.600000E+0	3.151544E-1
1.800000E+0	-3.252335E-1
2.000000E+0	-2.918123E-1
2.200000E+0	-1.236583E-1
2.400000E+0	-1.445605E-1
2.600000E+0	1.732520E-1
2.800000E+0	3.428586E-1
3.000000E+0	1.662721E-1
3.200000E+0	-7.835163E-2
3.400000E+0	4.358768E-2
3.600000E+0	-1.150104E-1
3.800000E+0	-1.718319E-1
4.000000E+0	-2.607269E-1
4.200000E+0	-8.991330E-2
4.400000E+0	-1.013641E-2
4.600000E+0	-2.356600E-1
4.800000E+0	-8.813193E-1
5.000000E+0	-3.549066E-1
5.200000E+0	1.610666E-1
5.400000E+0	5.625740E-1
5.600000E+0	3.838966E-1
5.800000E+0	3.481725E-1
6.000000E+0	8.020205E-1
6.200000E+0	5.922894E-1
6.400000E+0	6.909744E-1
6.600000E+0	7.591393E-1
6.800000E+0	5.436837E-1
7.000000E+0	3.729973E-1
7.200000E+0	5.681877E-1
7.400000E+0	3.619940E-1
7.600000E+0	3.668968E-1
7.800000E+0	4.449227E-1
8.000000E+0	3.907838E-1
8.200000E+0	5.262002E-1
8.400000E+0	4.651667E-1
8.600000E+0	6.783284E-1
8.800000E+0	7.234086E-1
9.000000E+0	6.039105E-1
9.200000E+0	5.012861E-1
9.400000E+0	5.574167E-1
9.600000E+0	5.561153E-1
9.800000E+0	6.738609E-1
1.000000E+1	7.004656E-1
1.020000E+1	5.386960E-1
1.040000E+1	2.038396E-1
1.060000E+1	5.048116E-1
1.080000E+1	1.050446E+0
1.100000E+1	1.174641E+0
1.120000E+1	4.475143E-1
1.140000E+1	1.678071E-1
1.160000E+1	6.047178E-1
1.180000E+1	1.199242E+0
1.200000E+1	6.453507E-1
1.220000E+1	1.520490E-1
1.240000E+1	7.978265E-1
1.260000E+1	6.417918E-1
1.280000E+1	-6.745642E-2
1.300000E+1	2.400323E-1
1.320000E+1	3.073983E-1
1.340000E+1	4.216871E-1
1.360000E+1	3.900403E-1
1.380000E+1	3.394772E-1
1.400000E+1	2.589804E-1
1.420000E+1	4.504252E-1
1.440000E+1	5.754698E-1
1.460000E+1	6.208970E-1
1.480000E+1	2.941495E-1
1.500000E+1	1.366732E-1
1.520000E+1	1.334964E-1
1.540000E+1	-1.164517E-1
1.560000E+1	-7.420759E-2
1.580000E+1	-5.706677E-2
1.600000E+1	5.354483E-3
1.620000E+1	3.020513E-1
1.640000E+1	3.539055E-1
1.660000E+1	-7.028763E-2
1.680000E+1	-4.350976E-1
1.700000E+1	-1.096052E-1
1.720000E+1	-7.060754E-2
1.740000E+1	-3.504165E-1
1.760000E+1	-3.264040E-1
1.780000E+1	-3.996374E-1
1.800000E+1	-7.893623E-1
1.820000E+1	-6.248077E-1
1.840000E+1	-2.447052E-1
1.860000E+1	8.395805E-2
1.880000E+1	-7.566819E-2
1.900000E+1	-2.061008E-1
1.920000E+1	-5.515616E-1
1.940000E+1	-7.570550E-1
1.960000E+1	-3.925121E-1
1.980000E+1	-2.716616E-1
2.000000E+1	-5.337271E-1
2.020000E+1	-6.851503E-1
2.040000E+1	-3.405176E-1
2.060000E+1	-2.143017E-1
2.080000E+1	-1.152037E-1
2.100000E+1	-4.824324E-1
2.120000E+1	-7.731686E-1
2.140000E+1	-6.925934E-1
2.160000E+1	-4.498625E-1
2.180000E+1	-4.885243E-1
2.200000E+1	-5.065504E-1
2.220000E+1	-7.572565E-1
2.240000E+1	-6.091852E-1
2.260000E+1	-5.118889E-1
2.280000E+1	-4.760950E-1
2.300000E+1	-8.617672E-1
2.320000E+1	-5.622913E-1
2.340000E+1	-1.117643E-1
2.360000E+1	-5.489208E-1
2.380000E+1	-1.216302E+0
2.400000E+1	-7.088358E-1
2.420000E+1	-4.680449E-1
2.440000E+1	-5.337169E-1
2.460000E+1	-7.971632E-1
2.480000E+1	-7.250193E-1
2.500000E+1	-1.006442E+0
2.520000E+1	-9.098001E-1
2.540000E+1	-7.097268E-1
2.560000E+1	-4.864040E-1
2.580000E+1	-5.350807E-1
2.600000E+1	-3.468991E-1
2.620000E+1	-3.228625E-1
2.640000E+1	-4.937291E-1
2.660000E+1	-4.547360E-1
2.680000E+1	-3.597671E-1
2.700000E+1	-3.774727E-1
2.720000E+1	-3.045118E-1
2.740000E+1	-4.946521E-1
2.760000E+1	-7.997056E-1
2.780000E+1	-9.200158E-1
2.800000E+1	-3.192629E-1
2.820000E+1	-3.724949E-1
2.840000E+1	-4.385533E-1
2.860000E+1	-3.673933E-1
2.880000E+1	-2.366825E-1
2.900000E+1	-5.036002E-1
2.920000E+1	-5.426509E-1
2.940000E+1	-5.603780E-1
2.960000E+1	-6.973034E-1
2.980000E+1	-6.181567E-1
3.000000E+1	-8.933715E-1
3.020000E+1	-8.306832E-1
3.040000E+1	-7.291023E-1
3.060000E+1	-5.561600E-1
3.080000E+1	-6.827276E-1
3.100000E+1	-7.826452E-1
3.120000E+1	-8.058404E-1
3.140000E+1	-9.665360E-1
3.160000E+1	-6.984511E-1
3.180000E+1	-4.281808E-1
3.200000E+1	-2.144977E-1
3.220000E+1	-3.876655E-1
3.240000E+1	-4.393511E-1
3.260000E+1	-6.356261E-1
3.280000E+1	-4.762198E-1
3.300000E+1	-1.264484E-1
3.320000E+1	-5.701389E-1
3.340000E+1	-3.260137E-1
3.360000E+1	-1.052206E-1
3.380000E+1	-4.171584E-1
3.400000E+1	-4.947412E-1
3.420000E+1	-2.258957E-1
3.440000E+1	5.546378E-1
3.460000E+1	-3.741487E-1
3.480000E+1	-8.507139E-1
3.500000E+1	-4.081276E-1
3.520000E+1	-5.718998E-1
3.540000E+1	-6.153900E-1
3.560000E+1	-5.195599E-1
3.580000E+1	-5.167377E-1
3.600000E+1	-7.373305E-1
3.620000E+1	-7.777124E-1
3.640000E+1	-6.192931E-1
3.660000E+1	-4.960368E-1
3.680000E+1	-2.097066E-1
3.700000E+1	-5.089404E-1
3.720000E+1	-3.963189E-1
3.740000E+1	-7.498459E-1
3.760000E+1	-8.698696E-1
3.780000E+1	-3.462199E-1
3.800000E+1	-6.407941E-1
3.820000E+1	-3.490139E-1
3.840000E+1	-1.515256E-1
3.860000E+1	-4.202354E-1
3.880000E+1	-2.868722E-1
3.900000E+1	5.938168E-2
3.920000E+1	9.952264E-4
3.940000E+1	-2.252967E-1
3.960000E+1	-3.616562E-1
3.980000E+1	-6.560512E-1
