0.000000E+0	1.955444E-1
2.000000E-1	2.730248E-1
4.000000E-1	2.289975E-1
6.000000E-1	6.840433E-3
8.000000E-1	-2.051109E-1
1.000000E+0	-1.987455E-1
1.200000E+0	-1.532029E-1
1.400000E+0	6.514307E-2
1.600000E+0	4.457690E-2
1.800000E+0	2.301274E-1
2.000000E+0	-3.225635E-2
2.200000E+0	-9.817423E-2
2.400000E+0	-7.701050E-2
2.600000E+0	-6.401671E-2
2.800000E+0	-3.293867E-2
3.000000E+0	-1.132067E-2
3.200000E+0	-2.413026E-2
3.400000E+0	-2.694596E-1
3.600000E+0	-3.884928E-1
3.800000E+0	-4.440555E-3
4.000000E+0	-7.744875E-2
4.200000E+0	-2.369020E-1
4.400000E+0	-2.912575E-1
4.600000E+0	-2.043594E-1
4.800000E+0	6.664883E-2
5.000000E+0	8.761539E-2
5.200000E+0	2.474026E-1
5.400000E+0	4.847457E-1
5.600000E+0	3.957691E-1
5.800000E+0	5.959501E-1
6.000000E+0	5.662388E-1
6.200000E+0	7.715906E-1
6.400000E+0	9.650633E-1
6.600000E+0	1.025119E+0
6.800000E+0	1.065237E+0
7.000000E+0	1.088174E+0
7.200000E+0	1.186636E+0
7.400000E+0	1.103728E+0
7.600000E+0	1.182434E+0
7.800000E+0	1.267449E+0
8.000000E+0	1.197440E+0
8.200000E+0	1.112330E+0
8.400000E+0	1.107758E+0
8.600000E+0	1.208277E+0
8.800000E+0	1.487268E+0
9.000000E+0	1.582557E+0
9.200000E+0	1.452968E+0
9.400000E+0	1.535549E+0
9.600000E+0	1.550638E+0
9.800000E+0	1.269906E+0
1.000000E+1	1.518522E+0
1.020000E+1	1.587410E+0
1.040000E+1	1.712495E+0
1.060000E+1	1.801245E+0
1.080000E+1	1.721815E+0
1.100000E+1	1.717718E+0
1.120000E+1	1.698467E+0
1.140000E+1	1.683173E+0
1.160000E+1	1.665995E+0
1.180000E+1	1.623589E+0
1.200000E+1	1.588262E+0
1.220000E+1	1.876429E+0
1.240000E+1	1.973569E+0
1.260000E+1	2.049898E+0
1.280000E+1	1.862980E+0
1.300000E+1	1.775733E+0
1.320000E+1	1.913884E+0
1.340000E+1	1.859193E+0
1.360000E+1	1.727078E+0
1.380000E+1	1.829227E+0
1.400000E+1	1.805164E+0
1.420000E+1	1.792733E+0
1.440000E+1	1.758585E+0
1.460000E+1	1.891313E+0
1.480000E+1	2.159814E+0
1.500000E+1	2.045632E+0
1.520000E+1	1.815454E+0
1.540000E+1	1.533784E+0
1.560000E+1	1.416211E+0
1.580000E+1	1.335279E+0
1.600000E+1	1.336515E+0
1.620000E+1	1.312296E+0
1.640000E+1	1.183970E+0
1.660000E+1	1.117769E+0
1.680000E+1	9.405684E-1
1.700000E+1	9.291013E-1
1.720000E+1	7.898119E-1
1.740000E+1	9.081861E-1
1.760000E+1	9.164365E-1
1.780000E+1	8.098947E-1
1.800000E+1	6.395473E-1
1.820000E+1	9.717945E-1
1.840000E+1	7.405278E-1
1.860000E+1	6.138462E-1
1.880000E+1	7.187410E-1
1.900000E+1	5.701121E-1
1.920000E+1	5.568990E-1
1.940000E+1	5.708175E-1
1.960000E+1	3.823998E-1
1.980000E+1	5.143500E-1
2.000000E+1	7.115532E-1
2.020000E+1	5.129114E-1
2.040000E+1	3.956776E-1
2.060000E+1	3.933181E-1
2.080000E+1	4.499521E-1
2.100000E+1	3.775775E-1
2.120000E+1	4.517869E-1
2.140000E+1	1.933480E-1
2.160000E+1	2.069467E-1
2.180000E+1	1.486664E-1
2.200000E+1	2.180384E-1
2.220000E+1	2.459826E-1
2.240000E+1	1.019138E-1
2.260000E+1	9.181544E-2
2.280000E+1	2.314600E-2
2.300000E+1	2.315617E-1
2.320000E+1	2.393437E-1
2.340000E+1	-1.774875E-1
2.360000E+1	8.262625E-2
2.380000E+1	1.706147E-1
2.400000E+1	2.664363E-1
2.420000E+1	3.314395E-1
2.440000E+1	1.313274E-1
2.460000E+1	1.062916E-1
2.480000E+1	3.006881E-2
2.500000E+1	1.871850E-1
2.520000E+1	1.958060E-1
2.540000E+1	6.987826E-2
2.560000E+1	1.849354E-1
2.580000E+1	2.417042E-1
2.600000E+1	2.796100E-1
2.620000E+1	2.334607E-1
2.640000E+1	1.391866E-1
2.660000E+1	5.149986E-2
2.680000E+1	3.257396E-2
2.700000E+1	1.221241E-1
2.720000E+1	2.929645E-2
2.740000E+1	-4.213091E-2
2.760000E+1	8.028641E-2
2.780000E+1	2.362283E-1
2.800000E+1	1.952131E-1
2.820000E+1	1.427049E-1
2.840000E+1	1.067273E-1
2.860000E+1	-1.269237E-2
2.880000E+1	-8.587544E-2
2.900000E+1	-1.742097E-3
2.920000E+1	-1.941100E-1
2.940000E+1	-2.386829E-1
2.960000E+1	-3.252950E-1
2.980000E+1	-4.758130E-2
3.000000E+1	2.229397E-2
3.020000E+1	2.738480E-2
3.040000E+1	1.352704E-1
3.060000E+1	2.351470E-1
3.080000E+1	1.611382E-1
3.100000E+1	9.660403E-2
3.120000E+1	5.029969E-3
3.140000E+1	4.612012E-2
3.160000E+1	2.435689E-2
3.180000E+1	-4.902825E-2
3.200000E+1	6.679430E-2
3.220000E+1	9.119850E-2
3.240000E+1	-1.338119E-1
3.260000E+1	-3.611868E-3
3.280000E+1	-1.861267E-2
3.300000E+1	2.443207E-2
3.320000E+1	4.956010E-2
3.340000E+1	4.804514E-2
3.360000E+1	-4.754976E-2
3.380000E+1	-3.869174E-2
3.400000E+1	4.877945E-2
3.420000E+1	-6.366489E-2
3.440000E+1	-3.972250E-2
3.460000E+1	1.033149E-1
3.480000E+1	1.134290E-1
3.500000E+1	-1.285053E-3
3.520000E+1	-6.025144E-2
3.540000E+1	7.773846E-3
3.560000E+1	2.867037E-1
3.580000E+1	2.571225E-1
3.600000E+1	2.466193E-1
3.620000E+1	7.755270E-2
3.640000E+1	7.361104E-3
3.660000E+1	6.069546E-2
3.680000E+1	-2.313525E-2
3.700000E+1	-1.596589E-1
3.720000E+1	-3.260268E-1
3.740000E+1	-1.051245E-1
3.760000E+1	2.882622E-2
3.780000E+1	1.430904E-1
3.800000E+1	-2.994116E-2
3.820000E+1	9.306122E-2
3.840000E+1	1.093400E-1
3.860000E+1	2.474452E-1
3.880000E+1	2.902164E-1
3.900000E+1	2.138439E-1
3.920000E+1	3.859136E-2
3.940000E+1	-1.361130E-1
3.960000E+1	-1.916241E-1
3.980000E+1	-2.068406E-1
