0.000000E+0	1.534108E-1
2.000000E-1	1.681695E-1
4.000000E-1	-8.224183E-2
6.000000E-1	-6.220266E-2
8.000000E-1	9.734142E-2
1.000000E+0	1.424599E-1
1.200000E+0	7.192597E-2
1.400000E+0	-1.269905E-2
1.600000E+0	3.972731E-2
1.800000E+0	1.851808E-1
2.000000E+0	1.829841E-2
2.200000E+0	-8.666053E-2
2.400000E+0	1.620995E-2
2.600000E+0	-3.345106E-2
2.800000E+0	-9.946342E-2
3.000000E+0	-3.679336E-2
3.200000E+0	9.650946E-3
3.400000E+0	2.062066E-1
3.600000E+0	4.433166E-2
3.800000E+0	-1.052447E-1
4.000000E+0	1.839462E-1
4.200000E+0	4.726017E-1
4.400000E+0	5.078013E-1
4.600000E+0	5.822822E-2
4.800000E+0	-4.501565E-3
5.000000E+0	2.627755E-1
5.200000E+0	4.081321E-1
5.400000E+0	5.653678E-1
5.600000E+0	6.966487E-1
5.800000E+0	1.026521E+0
6.000000E+0	8.258102E-1
6.200000E+0	6.363543E-1
6.400000E+0	9.508611E-1
6.600000E+0	9.180018E-1
6.800000E+0	9.393111E-1
7.000000E+0	1.072209E+0
7.200000E+0	1.169994E+0
7.400000E+0	1.021817E+0
7.600000E+0	9.243180E-1
7.800000E+0	1.069443E+0
8.000000E+0	1.160727E+0
8.200000E+0	1.222893E+0
8.400000E+0	1.288285E+0
8.600000E+0	1.207171E+0
8.800000E+0	1.144870E+0
9.000000E+0	1.293305E+0
9.200000E+0	1.237600E+0
9.400000E+0	1.269657E+0
9.600000E+0	1.267060E+0
9.800000E+0	1.586974E+0
1.000000E+1	1.674511E+0
1.020000E+1	1.509505E+0
1.040000E+1	1.430483E+0
1.060000E+1	1.487477E+0
1.080000E+1	1.480374E+0
1.100000E+1	1.542957E+0
1.120000E+1	1.356536E+0
1.140000E+1	1.267379E+0
1.160000E+1	1.348132E+0
1.180000E+1	1.402750E+0
1.200000E+1	1.201235E+0
1.220000E+1	1.346787E+0
1.240000E+1	1.368031E+0
1.260000E+1	1.306298E+0
1.280000E+1	1.171537E+0
1.300000E+1	1.258360E+0
1.320000E+1	1.439139E+0
1.340000E+1	1.463863E+0
1.360000E+1	1.361569E+0
1.380000E+1	1.373941E+0
1.400000E+1	1.521716E+0
1.420000E+1	1.515192E+0
1.440000E+1	1.353713E+0
1.460000E+1	1.465938E+0
1.480000E+1	1.311178E+0
1.500000E+1	1.194158E+0
1.520000E+1	1.350224E+0
1.540000E+1	1.275332E+0
1.560000E+1	1.162313E+0
1.580000E+1	1.127675E+0
1.600000E+1	7.133189E-1
1.620000E+1	6.849336E-1
1.640000E+1	9.110403E-1
1.660000E+1	8.043550E-1
1.680000E+1	7.412200E-1
1.700000E+1	6.716209E-1
1.720000E+1	6.712215E-1
1.740000E+1	4.713279E-1
1.760000E+1	5.798545E-1
1.780000E+1	6.560344E-1
1.800000E+1	6.766287E-1
1.820000E+1	5.292820E-1
1.840000E+1	5.499572E-1
1.860000E+1	3.992451E-1
1.880000E+1	3.050069E-1
1.900000E+1	1.551251E-1
1.920000E+1	9.656768E-2
1.940000E+1	2.077177E-1
1.960000E+1	6.059620E-1
1.980000E+1	3.966405E-1
2.000000E+1	2.252451E-1
2.020000E+1	4.021288E-1
2.040000E+1	3.587802E-1
2.060000E+1	1.671663E-1
2.080000E+1	2.576477E-1
2.100000E+1	4.626085E-1
2.120000E+1	3.892970E-1
2.140000E+1	1.905171E-2
2.160000E+1	1.087407E-1
2.180000E+1	2.515050E-1
2.200000E+1	-2.183081E-2
2.220000E+1	6.931746E-2
2.240000E+1	3.235164E-1
2.260000E+1	2.748518E-1
2.280000E+1	1.833221E-1
2.300000E+1	1.412113E-1
2.320000E+1	2.403605E-1
2.340000E+1	1.922200E-1
2.360000E+1	3.938165E-2
2.380000E+1	-1.477214E-1
2.400000E+1	-1.523048E-1
2.420000E+1	1.036200E-1
2.440000E+1	2.222412E-1
2.460000E+1	3.294669E-1
2.480000E+1	9.970323E-2
2.500000E+1	1.898261E-1
2.520000E+1	2.765081E-1
2.540000E+1	3.594398E-1
2.560000E+1	2.167222E-1
2.580000E+1	5.787568E-2
2.600000E+1	5.280069E-2
2.620000E+1	3.906846E-1
2.640000E+1	3.577351E-1
2.660000E+1	8.537628E-2
2.680000E+1	6.604010E-2
2.700000E+1	1.688575E-1
2.720000E+1	1.179046E-1
2.740000E+1	7.333064E-2
2.760000E+1	1.825768E-1
2.780000E+1	2.973981E-1
2.800000E+1	1.025936E-1
2.820000E+1	-2.234036E-3
2.840000E+1	2.759176E-1
2.860000E+1	1.441537E-1
2.880000E+1	6.141279E-2
2.900000E+1	-1.561549E-1
2.920000E+1	-7.635359E-2
2.940000E+1	1.904526E-1
2.960000E+1	2.923608E-1
2.980000E+1	3.073157E-1
3.000000E+1	8.913568E-3
3.020000E+1	9.383692E-2
3.040000E+1	5.540845E-2
3.060000E+1	4.179171E-2
3.080000E+1	6.857341E-3
3.100000E+1	7.461367E-2
3.120000E+1	8.082517E-2
3.140000E+1	3.198313E-2
3.160000E+1	-9.909210E-2
3.180000E+1	-1.022787E-1
3.200000E+1	-3.257216E-2
3.220000E+1	-1.385719E-1
3.240000E+1	8.394884E-2
3.260000E+1	2.411433E-1
3.280000E+1	2.061788E-1
3.300000E+1	2.112325E-1
3.320000E+1	1.958347E-1
3.340000E+1	8.789165E-2
3.360000E+1	-4.320023E-2
3.380000E+1	5.758321E-2
3.400000E+1	2.298349E-1
3.420000E+1	8.019698E-2
3.440000E+1	-1.730887E-1
3.460000E+1	-5.506092E-2
3.480000E+1	9.543167E-2
3.500000E+1	7.742280E-2
3.520000E+1	1.115139E-1
3.540000E+1	2.372911E-1
3.560000E+1	2.525725E-1
3.580000E+1	2.331896E-1
3.600000E+1	2.878720E-1
3.620000E+1	1.199249E-1
3.640000E+1	2.270540E-1
3.660000E+1	1.722468E-1
3.680000E+1	-3.775419E-2
3.700000E+1	1.641272E-1
3.720000E+1	3.446276E-1
3.740000E+1	2.291225E-1
3.760000E+1	3.181454E-1
3.780000E+1	1.640253E-1
3.800000E+1	-6.834916E-2
3.820000E+1	1.332012E-1
3.840000E+1	1.276404E-1
3.860000E+1	1.476767E-1
3.880000E+1	1.905082E-1
3.900000E+1	1.885090E-1
3.920000E+1	3.340835E-1
3.940000E+1	2.626814E-1
3.960000E+1	5.933378E-2
3.980000E+1	3.371430E-1
