0.000000E+0	-1.237174E-2
2.000000E-1	-5.968760E-2
4.000000E-1	-6.964422E-3
6.000000E-1	5.284260E-2
8.000000E-1	6.804760E-2
1.000000E+0	1.168058E-1
1.200000E+0	-6.646435E-2
1.400000E+0	7.108178E-2
1.600000E+0	3.028966E-2
1.800000E+0	-1.384664E-1
2.000000E+0	-6.748467E-2
2.200000E+0	9.003525E-2
2.400000E+0	2.710157E-1
2.600000E+0	1.611649E-1
2.800000E+0	2.532141E-1
3.000000E+0	2.221098E-1
3.200000E+0	7.501207E-2
3.400000E+0	-1.050567E-1
3.600000E+0	6.158601E-3
3.800000E+0	2.567530E-1
4.000000E+0	2.237085E-1
4.200000E+0	1.940664E-1
4.400000E+0	-9.153055E-3
4.600000E+0	1.406858E-1
4.800000E+0	2.856352E-1
5.000000E+0	6.504382E-1
5.200000E+0	1.091943E+0
5.400000E+0	1.450475E+0
5.600000E+0	1.827515E+0
5.800000E+0	1.818824E+0
6.000000E+0	2.021551E+0
6.200000E+0	2.164451E+0
6.400000E+0	2.393615E+0
6.600000E+0	2.498913E+0
6.800000E+0	3.000401E+0
7.000000E+0	3.371435E+0
7.200000E+0	3.365763E+0
7.400000E+0	2.882528E+0
7.600000E+0	3.355551E+0
7.800000E+0	3.510707E+0
8.000000E+0	3.734034E+0
8.200000E+0	3.920430E+0
8.400000E+0	4.028745E+0
8.600000E+0	3.936551E+0
8.800000E+0	4.015442E+0
9.000000E+0	4.073667E+0
9.200000E+0	4.245281E+0
9.400000E+0	4.536021E+0
9.600000E+0	4.684850E+0
9.800000E+0	4.946922E+0
1.000000E+1	5.127827E+0
1.020000E+1	5.570465E+0
1.040000E+1	6.004908E+0
1.060000E+1	6.156670E+0
1.080000E+1	6.281270E+0
1.100000E+1	6.658773E+0
1.120000E+1	6.787094E+0
1.140000E+1	6.841941E+0
1.160000E+1	6.963766E+0
1.180000E+1	7.006113E+0
1.200000E+1	7.317685E+0
1.220000E+1	7.712076E+0
1.240000E+1	7.790046E+0
1.260000E+1	8.047115E+0
1.280000E+1	8.401143E+0
1.300000E+1	8.425399E+0
1.320000E+1	8.597507E+0
1.340000E+1	9.061829E+0
1.360000E+1	9.408452E+0
1.380000E+1	9.290870E+0
1.400000E+1	9.357898E+0
1.420000E+1	9.485673E+0
1.440000E+1	9.531131E+0
1.460000E+1	9.608117E+0
1.480000E+1	9.482890E+0
1.500000E+1	9.008570E+0
1.520000E+1	8.277253E+0
1.540000E+1	7.414333E+0
1.560000E+1	6.598849E+0
1.580000E+1	6.103007E+0
1.600000E+1	5.261699E+0
1.620000E+1	4.597982E+0
1.640000E+1	4.016454E+0
1.660000E+1	3.730137E+0
1.680000E+1	3.448376E+0
1.700000E+1	3.084062E+0
1.720000E+1	2.931188E+0
1.740000E+1	2.613745E+0
1.760000E+1	2.254605E+0
1.780000E+1	2.175210E+0
1.800000E+1	1.811327E+0
1.820000E+1	1.618324E+0
1.840000E+1	1.598225E+0
1.860000E+1	1.552310E+0
1.880000E+1	1.501539E+0
1.900000E+1	1.376390E+0
1.920000E+1	1.134089E+0
1.940000E+1	1.107272E+0
1.960000E+1	1.013494E+0
1.980000E+1	9.775535E-1
2.000000E+1	1.015261E+0
2.020000E+1	9.205723E-1
2.040000E+1	8.686097E-1
2.060000E+1	5.908978E-1
2.080000E+1	7.248729E-1
2.100000E+1	7.298295E-1
2.120000E+1	6.708067E-1
2.140000E+1	6.859285E-1
2.160000E+1	6.538820E-1
2.180000E+1	4.827034E-1
2.200000E+1	2.632197E-1
2.220000E+1	2.802275E-1
2.240000E+1	1.182031E-1
2.260000E+1	1.591973E-1
2.280000E+1	2.047795E-1
2.300000E+1	2.730541E-1
2.320000E+1	2.185971E-1
2.340000E+1	1.318043E-1
2.360000E+1	-5.401411E-2
2.380000E+1	7.812679E-3
2.400000E+1	-2.175492E-2
2.420000E+1	1.536961E-1
2.440000E+1	8.143195E-2
2.460000E+1	1.409675E-1
2.480000E+1	1.632053E-1
2.500000E+1	2.060403E-1
2.520000E+1	-4.511982E-2
2.540000E+1	-1.161708E-1
2.560000E+1	8.682532E-2
2.580000E+1	1.293023E-1
2.600000E+1	-1.667758E-1
2.620000E+1	-2.066306E-1
2.640000E+1	-1.825570E-1
2.660000E+1	5.091273E-2
2.680000E+1	1.757915E-1
2.700000E+1	2.044827E-1
2.720000E+1	9.869939E-2
2.740000E+1	-4.898091E-2
2.760000E+1	-3.250678E-1
2.780000E+1	-4.984229E-2
2.800000E+1	9.511967E-2
2.820000E+1	6.242845E-2
2.840000E+1	-5.091988E-3
2.860000E+1	-1.576086E-1
2.880000E+1	-2.041938E-1
2.900000E+1	-7.437468E-2
2.920000E+1	6.638414E-2
2.940000E+1	9.465496E-2
2.960000E+1	2.643124E-1
2.980000E+1	1.949872E-1
3.000000E+1	-1.128833E-1
3.020000E+1	-8.026641E-2
3.040000E+1	5.081314E-2
3.060000E+1	3.198333E-1
3.080000E+1	1.690558E-1
3.100000E+1	6.885981E-2
3.120000E+1	3.646276E-2
3.140000E+1	1.883352E-1
3.160000E+1	1.611429E-1
3.180000E+1	1.279985E-1
3.200000E+1	2.698943E-1
3.220000E+1	4.217608E-1
3.240000E+1	2.800806E-1
3.260000E+1	9.492867E-2
3.280000E+1	6.904621E-2
3.300000E+1	2.697492E-1
3.320000E+1	2.490052E-1
3.340000E+1	3.568068E-1
3.360000E+1	1.907924E-1
3.380000E+1	2.038386E-1
3.400000E+1	1.032226E-1
3.420000E+1	6.330725E-2
3.440000E+1	-1.900991E-2
3.460000E+1	4.013541E-2
3.480000E+1	1.533545E-1
3.500000E+1	1.126621E-1
3.520000E+1	2.168267E-1
3.540000E+1	2.802457E-1
3.560000E+1	3.203274E-1
3.580000E+1	2.247082E-1
3.600000E+1	6.326797E-2
3.620000E+1	-1.002716E-3
3.640000E+1	3.019976E-1
3.660000E+1	1.976535E-1
3.680000E+1	4.888372E-1
3.700000E+1	5.267964E-1
3.720000E+1	4.314487E-1
3.740000E+1	2.630527E-1
3.760000E+1	4.045011E-1
3.780000E+1	3.286236E-1
3.800000E+1	2.098554E-1
3.820000E+1	1.637871E-1
3.840000E+1	5.158219E-1
3.860000E+1	6.301704E-1
3.880000E+1	4.391318E-1
3.900000E+1	4.702783E-1
3.920000E+1	2.421718E-1
3.940000E+1	1.096380E-1
3.960000E+1	4.407194E-1
3.980000E+1	4.531715E-1
