0.000000E+0	1.916770E-1
2.000000E-1	-3.120918E-2
4.000000E-1	-3.068549E-1
6.000000E-1	5.241207E-3
8.000000E-1	4.744337E-1
1.000000E+0	2.795116E-1
1.200000E+0	1.690053E-1
1.400000E+0	1.292729E-1
1.600000E+0	-5.470666E-2
1.800000E+0	2.304707E-2
2.000000E+0	-8.010490E-2
2.200000E+0	6.857604E-2
2.400000E+0	-5.542793E-2
2.600000E+0	-9.599787E-2
2.800000E+0	3.947482E-2
3.000000E+0	-1.155448E-1
3.200000E+0	1.414114E-1
3.400000E+0	3.051065E-1
3.600000E+0	3.837670E-1
3.800000E+0	3.345636E-1
4.000000E+0	-2.312450E-2
4.200000E+0	6.478635E-2
4.400000E+0	6.848507E-2
4.600000E+0	4.619283E-1
4.800000E+0	7.440153E-1
5.000000E+0	5.138566E-1
5.200000E+0	2.809769E-1
5.400000E+0	1.097456E-1
5.600000E+0	8.537419E-2
5.800000E+0	3.694968E-1
6.000000E+0	5.032089E-1
6.200000E+0	4.691241E-1
6.400000E+0	6.300382E-1
6.600000E+0	8.764776E-1
6.800000E+0	9.827072E-1
7.000000E+0	1.308589E+0
7.200000E+0	1.573768E+0
7.400000E+0	9.873158E-1
7.600000E+0	1.038385E+0
7.800000E+0	1.411105E+0
8.000000E+0	1.549289E+0
8.200000E+0	1.084512E+0
8.400000E+0	8.343876E-1
8.600000E+0	1.513445E+0
8.800000E+0	1.128869E+0
9.000000E+0	8.787022E-1
9.200000E+0	1.045571E+0
9.400000E+0	1.059680E+0
9.600000E+0	1.396341E+0
9.800000E+0	9.460667E-1
1.000000E+1	8.600652E-1
1.020000E+1	8.347719E-1
1.040000E+1	1.024213E+0
1.060000E+1	8.191169E-1
1.080000E+1	9.555476E-1
1.100000E+1	1.329306E+0
1.120000E+1	1.207871E+0
1.140000E+1	1.048390E+0
1.160000E+1	1.266476E+0
1.180000E+1	1.209139E+0
1.200000E+1	1.005544E+0
1.220000E+1	7.894655E-1
1.240000E+1	8.386182E-1
1.260000E+1	6.117363E-1
1.280000E+1	5.944690E-1
1.300000E+1	5.021150E-1
1.320000E+1	6.914899E-1
1.340000E+1	8.973716E-1
1.360000E+1	1.180978E+0
1.380000E+1	9.293142E-1
1.400000E+1	5.023363E-1
1.420000E+1	5.288660E-1
1.440000E+1	2.084573E-1
1.460000E+1	2.486066E-1
1.480000E+1	2.361259E-1
1.500000E+1	4.230699E-1
1.520000E+1	7.468491E-1
1.540000E+1	1.000030E+0
1.560000E+1	7.742082E-1
1.580000E+1	9.483277E-1
1.600000E+1	1.202365E+0
1.620000E+1	1.014495E+0
1.640000E+1	9.635551E-1
1.660000E+1	1.130871E+0
1.680000E+1	3.761663E-1
1.700000E+1	4.078411E-1
1.720000E+1	4.762715E-1
1.740000E+1	3.366654E-1
1.760000E+1	2.000100E-1
1.780000E+1	3.763643E-1
1.800000E+1	5.650895E-1
1.820000E+1	3.307312E-1
1.840000E+1	-5.945837E-1
1.860000E+1	-2.134389E-1
1.880000E+1	-7.711543E-2
1.900000E+1	-5.816118E-3
1.920000E+1	-2.411158E-1
1.940000E+1	-8.603003E-2
1.960000E+1	1.457599E-1
1.980000E+1	-8.456834E-2
2.000000E+1	-9.406779E-2
2.020000E+1	-3.414292E-1
2.040000E+1	-3.212983E-1
2.060000E+1	-1.033995E-1
2.080000E+1	-6.625891E-2
2.100000E+1	-3.120607E-1
2.120000E+1	-4.344363E-1
2.140000E+1	-6.375775E-1
2.160000E+1	-3.812366E-1
2.180000E+1	-4.876138E-1
2.200000E+1	4.008260E-2
2.220000E+1	-2.524847E-1
2.240000E+1	-3.099260E-1
2.260000E+1	-2.333811E-1
2.280000E+1	-3.639094E-1
2.300000E+1	-4.282914E-1
2.320000E+1	-3.534206E-1
2.340000E+1	-4.794322E-1
2.360000E+1	-5.101830E-1
2.380000E+1	-5.620444E-1
2.400000E+1	-3.647694E-1
2.420000E+1	-2.684186E-1
2.440000E+1	-4.944881E-1
2.460000E+1	-7.331347E-1
2.480000E+1	-4.106447E-1
2.500000E+1	-5.390539E-1
2.520000E+1	-2.896980E-1
2.540000E+1	-5.299517E-1
2.560000E+1	-9.137323E-1
2.580000E+1	-5.341053E-1
2.600000E+1	-4.202846E-1
2.620000E+1	-5.300592E-1
2.640000E+1	-4.797186E-1
2.660000E+1	-4.529921E-1
2.680000E+1	-5.176762E-1
2.700000E+1	-6.132865E-1
2.720000E+1	-2.732836E-1
2.740000E+1	-3.064571E-1
2.760000E+1	-5.822713E-1
2.780000E+1	-4.111654E-1
2.800000E+1	-1.682227E-1
2.820000E+1	-2.491537E-1
2.840000E+1	-7.590141E-1
2.860000E+1	-5.694833E-1
2.880000E+1	-2.726200E-1
2.900000E+1	1.551304E-1
2.920000E+1	2.831027E-1
2.940000E+1	-3.131774E-1
2.960000E+1	-2.828669E-1
2.980000E+1	-2.601143E-1
3.000000E+1	-2.831255E-1
3.020000E+1	-6.214807E-1
3.040000E+1	-3.875996E-1
3.060000E+1	-7.449609E-2
3.080000E+1	-7.294640E-1
3.100000E+1	-3.695271E-1
3.120000E+1	-1.522157E-1
3.140000E+1	-3.492792E-1
3.160000E+1	-3.836368E-1
3.180000E+1	-6.791798E-1
3.200000E+1	3.107000E-2
3.220000E+1	-5.011101E-1
3.240000E+1	-8.166601E-1
3.260000E+1	-2.809842E-1
3.280000E+1	-2.826043E-1
3.300000E+1	-3.270094E-1
3.320000E+1	-3.122852E-1
3.340000E+1	-2.367459E-1
3.360000E+1	5.063085E-3
3.380000E+1	-2.868847E-2
3.400000E+1	-4.932130E-2
3.420000E+1	-1.748176E-1
3.440000E+1	-2.086277E-1
3.460000E+1	-3.524685E-1
3.480000E+1	-1.874934E-1
3.500000E+1	-1.321738E-1
3.520000E+1	2.817894E-2
3.540000E+1	-7.336165E-2
3.560000E+1	2.264269E-2
3.580000E+1	-1.757286E-1
3.600000E+1	-3.481063E-1
3.620000E+1	-3.961261E-1
3.640000E+1	-4.059304E-1
3.660000E+1	-3.440491E-1
3.680000E+1	-1.251101E-1
3.700000E+1	-2.053245E-1
3.720000E+1	-3.943531E-1
3.740000E+1	-2.714398E-1
3.760000E+1	-1.941006E-1
3.780000E+1	-1.658778E-1
3.800000E+1	-1.935400E-2
3.820000E+1	-1.753940E-1
3.840000E+1	-4.536251E-1
3.860000E+1	-2.971103E-1
3.880000E+1	-3.434965E-1
3.900000E+1	-3.951889E-1
3.920000E+1	-2.621921E-1
3.940000E+1	-5.048827E-1
3.960000E+1	-3.097963E-1
3.980000E+1	-2.223783E-1
