0.000000E+0	1.216312E-2
2.000000E-1	-1.611631E-1
4.000000E-1	-3.284444E-1
6.000000E-1	-3.653437E-1
8.000000E-1	-1.381553E-1
1.000000E+0	2.050879E-2
1.200000E+0	-1.061291E-2
1.400000E+0	-3.748567E-2
1.600000E+0	1.268754E-1
1.800000E+0	-1.195441E-2
2.000000E+0	-1.636161E-1
2.200000E+0	-1.980385E-1
2.400000E+0	7.243477E-2
2.600000E+0	9.146934E-2
2.800000E+0	1.104193E-1
3.000000E+0	2.416538E-1
3.200000E+0	-1.511912E-1
3.400000E+0	-3.082014E-1
3.600000E+0	-7.798162E-2
3.800000E+0	-8.451531E-2
4.000000E+0	-4.919894E-2
4.200000E+0	1.452258E-1
4.400000E+0	-7.135881E-2
4.600000E+0	3.196202E-1
4.800000E+0	2.635342E-1
5.000000E+0	-1.640985E-1
5.200000E+0	-6.853003E-1
5.400000E+0	-4.204236E-1
5.600000E+0	5.879477E-1
5.800000E+0	9.547582E-1
6.000000E+0	5.710715E-1
6.200000E+0	1.982962E-1
6.400000E+0	8.145716E-1
6.600000E+0	1.118863E+0
6.800000E+0	1.217806E+0
7.000000E+0	8.987736E-1
7.200000E+0	6.744571E-1
7.400000E+0	7.104076E-1
7.600000E+0	1.099356E+0
7.800000E+0	8.517449E-1
8.000000E+0	9.787640E-1
8.200000E+0	9.822262E-1
8.400000E+0	7.482355E-1
8.600000E+0	9.448995E-1
8.800000E+0	1.212426E+0
9.000000E+0	1.353297E+0
9.200000E+0	1.315409E+0
9.400000E+0	1.411275E+0
9.600000E+0	1.569841E+0
9.800000E+0	1.438362E+0
1.000000E+1	1.527774E+0
1.020000E+1	1.559389E+0
1.040000E+1	1.241538E+0
1.060000E+1	1.319905E+0
1.080000E+1	1.299277E+0
1.100000E+1	1.218677E+0
1.120000E+1	1.352977E+0
1.140000E+1	1.396302E+0
1.160000E+1	1.731418E+0
1.180000E+1	1.924255E+0
1.200000E+1	2.074627E+0
1.220000E+1	2.240194E+0
1.240000E+1	2.211481E+0
1.260000E+1	2.288748E+0
1.280000E+1	2.510118E+0
1.300000E+1	2.606868E+0
1.320000E+1	2.298348E+0
1.340000E+1	2.439932E+0
1.360000E+1	2.496505E+0
1.380000E+1	2.726318E+0
1.400000E+1	2.569121E+0
1.420000E+1	1.990233E+0
1.440000E+1	2.232012E+0
1.460000E+1	2.876581E+0
1.480000E+1	3.005863E+0
1.500000E+1	2.950046E+0
1.520000E+1	2.763650E+0
1.540000E+1	2.309321E+0
1.560000E+1	2.692363E+0
1.580000E+1	2.557864E+0
1.600000E+1	1.722021E+0
1.620000E+1	7.884531E-1
1.640000E+1	1.487508E+0
1.660000E+1	2.156428E+0
1.680000E+1	1.958419E+0
1.700000E+1	1.132466E+0
1.720000E+1	9.378383E-1
1.740000E+1	1.243178E+0
1.760000E+1	1.154013E+0
1.780000E+1	1.076192E+0
1.800000E+1	1.226925E+0
1.820000E+1	8.082154E-1
1.840000E+1	6.425647E-1
1.860000E+1	5.785467E-1
1.880000E+1	5.029663E-1
1.900000E+1	5.712331E-1
1.920000E+1	4.973955E-1
1.940000E+1	6.540098E-1
1.960000E+1	5.502132E-1
1.980000E+1	7.196099E-1
2.000000E+1	3.501872E-1
2.020000E+1	1.347014E-1
2.040000E+1	9.303685E-2
2.060000E+1	1.766660E-1
2.080000E+1	3.434086E-1
2.100000E+1	4.763080E-1
2.120000E+1	3.239586E-1
2.140000E+1	9.952776E-2
2.160000E+1	3.254568E-1
2.180000E+1	4.431296E-1
2.200000E+1	3.172940E-1
2.220000E+1	3.035622E-1
2.240000E+1	5.586108E-2
2.260000E+1	8.668817E-2
2.280000E+1	9.274796E-2
2.300000E+1	8.474905E-2
2.320000E+1	-9.693566E-2
2.340000E+1	1.797844E-1
2.360000E+1	3.131150E-1
2.380000E+1	2.425328E-1
2.400000E+1	-2.633409E-2
2.420000E+1	4.353073E-3
2.440000E+1	1.144983E-3
2.460000E+1	1.249831E-3
2.480000E+1	-9.907927E-3
2.500000E+1	1.988381E-2
2.520000E+1	1.362128E-1
2.540000E+1	2.450805E-2
2.560000E+1	-5.563936E-2
2.580000E+1	-2.374275E-2
2.600000E+1	-3.256972E-1
2.620000E+1	-3.619380E-1
2.640000E+1	-5.284635E-1
2.660000E+1	1.577745E-1
2.680000E+1	2.595848E-1
2.700000E+1	-2.233592E-1
2.720000E+1	-9.306511E-1
2.740000E+1	-9.811264E-2
2.760000E+1	6.845461E-1
2.780000E+1	5.800645E-1
2.800000E+1	-4.340978E-1
2.820000E+1	-4.501305E-1
2.840000E+1	-9.955027E-2
2.860000E+1	-1.166703E-2
2.880000E+1	-2.156250E-2
2.900000E+1	1.783794E-2
2.920000E+1	-4.015949E-1
2.940000E+1	-3.681018E-1
2.960000E+1	-9.979106E-2
2.980000E+1	-3.618268E-3
3.000000E+1	-7.801349E-2
3.020000E+1	-4.359359E-1
3.040000E+1	-4.717479E-1
3.060000E+1	-3.279411E-1
3.080000E+1	-2.270219E-1
3.100000E+1	-4.711339E-1
3.120000E+1	-8.794808E-1
3.140000E+1	-5.697861E-1
3.160000E+1	-4.357460E-1
3.180000E+1	-2.832119E-2
3.200000E+1	-2.809920E-1
3.220000E+1	-4.492714E-1
3.240000E+1	-4.522584E-1
3.260000E+1	-6.244522E-1
3.280000E+1	-5.273507E-1
3.300000E+1	-4.481309E-1
3.320000E+1	-7.497807E-1
3.340000E+1	-6.269271E-1
3.360000E+1	-1.973566E-1
3.380000E+1	-4.664481E-1
3.400000E+1	-6.038691E-1
3.420000E+1	-7.126422E-1
3.440000E+1	-5.958612E-1
3.460000E+1	-2.552336E-1
3.480000E+1	-1.347261E-1
3.500000E+1	-4.928316E-1
3.520000E+1	-4.291553E-1
3.540000E+1	-2.046031E-1
3.560000E+1	-3.406204E-1
3.580000E+1	-4.249107E-1
3.600000E+1	-2.155325E-1
3.620000E+1	-4.218424E-1
3.640000E+1	-6.753692E-1
3.660000E+1	-6.637830E-1
3.680000E+1	-6.625825E-1
3.700000E+1	-6.321847E-1
3.720000E+1	-7.757133E-1
3.740000E+1	-4.352591E-1
3.760000E+1	-7.265248E-2
3.780000E+1	-1.802606E-1
3.800000E+1	-8.727176E-1
3.820000E+1	-1.563479E+0
3.840000E+1	-6.359133E-1
3.860000E+1	3.411550E-2
3.880000E+1	-3.137711E-1
3.900000E+1	-1.011395E+0
3.920000E+1	-7.115360E-1
3.940000E+1	-6.472377E-1
3.960000E+1	-5.292240E-1
3.980000E+1	-4.128898E-1
