0.000000E+0	-9.090990E-2
2.000000E-1	-4.179186E-2
4.000000E-1	-2.618717E-2
6.000000E-1	3.662076E-2
8.000000E-1	2.868531E-2
1.000000E+0	2.378343E-2
1.200000E+0	-1.686173E-2
1.400000E+0	1.804945E-3
1.600000E+0	1.575537E-3
1.800000E+0	1.528917E-2
2.000000E+0	-3.874129E-2
2.200000E+0	-3.438504E-2
2.400000E+0	-1.777108E-2
2.600000E+0	5.403175E-2
2.800000E+0	-8.229694E-3
3.000000E+0	-5.246808E-2
3.200000E+0	-8.271493E-2
3.400000E+0	-6.510533E-2
3.600000E+0	-2.739548E-2
3.800000E+0	6.109744E-2
4.000000E+0	5.247438E-2
4.200000E+0	4.115499E-2
4.400000E+0	-5.587704E-3
4.600000E+0	3.387250E-2
4.800000E+0	7.917685E-2
5.000000E+0	2.975318E-1
5.200000E+0	4.663604E-1
5.400000E+0	5.363853E-1
5.600000E+0	4.477076E-1
5.800000E+0	4.110775E-1
6.000000E+0	3.133409E-1
6.200000E+0	2.033936E-1
6.400000E+0	1.858901E-1
6.600000E+0	2.361414E-1
6.800000E+0	2.662060E-1
7.000000E+0	3.129194E-1
7.200000E+0	3.383007E-1
7.400000E+0	3.429055E-1
7.600000E+0	3.078315E-1
7.800000E+0	3.394039E-1
8.000000E+0	4.089836E-1
8.200000E+0	4.908890E-1
8.400000E+0	5.134285E-1
8.600000E+0	6.239904E-1
8.800000E+0	6.830567E-1
9.000000E+0	8.305484E-1
9.200000E+0	1.099607E+0
9.400000E+0	1.347787E+0
9.600000E+0	1.487388E+0
9.800000E+0	1.418328E+0
1.000000E+1	1.398072E+0
1.020000E+1	1.470841E+0
1.040000E+1	1.612136E+0
1.060000E+1	1.641199E+0
1.080000E+1	1.617321E+0
1.100000E+1	1.592962E+0
1.120000E+1	1.669758E+0
1.140000E+1	1.716407E+0
1.160000E+1	1.736913E+0
1.180000E+1	1.655585E+0
1.200000E+1	1.642916E+0
1.220000E+1	1.642322E+0
1.240000E+1	1.651490E+0
1.260000E+1	1.552542E+0
1.280000E+1	1.448181E+0
1.300000E+1	1.347060E+0
1.320000E+1	1.407705E+0
1.340000E+1	1.562215E+0
1.360000E+1	1.806513E+0
1.380000E+1	2.020303E+0
1.400000E+1	2.197783E+0
1.420000E+1	2.212838E+0
1.440000E+1	2.125968E+0
1.460000E+1	1.977430E+0
1.480000E+1	1.822583E+0
1.500000E+1	1.690899E+0
1.520000E+1	1.584538E+0
1.540000E+1	1.365356E+0
1.560000E+1	1.167145E+0
1.580000E+1	1.015376E+0
1.600000E+1	8.940625E-1
1.620000E+1	7.404185E-1
1.640000E+1	6.244573E-1
1.660000E+1	5.171515E-1
1.680000E+1	5.109758E-1
1.700000E+1	5.325410E-1
1.720000E+1	4.871067E-1
1.740000E+1	4.542843E-1
1.760000E+1	3.853482E-1
1.780000E+1	3.371518E-1
1.800000E+1	2.439235E-1
1.820000E+1	2.041295E-1
1.840000E+1	1.929452E-1
1.860000E+1	2.177899E-1
1.880000E+1	2.700959E-1
1.900000E+1	2.588486E-1
1.920000E+1	1.709671E-1
1.940000E+1	1.511087E-1
1.960000E+1	7.779574E-2
1.980000E+1	1.118588E-1
2.000000E+1	3.680695E-2
2.020000E+1	9.068827E-4
2.040000E+1	4.117805E-4
2.060000E+1	4.788047E-2
2.080000E+1	1.062957E-2
2.100000E+1	-3.739085E-2
2.120000E+1	-6.072145E-2
2.140000E+1	-6.308238E-2
2.160000E+1	-1.073324E-1
2.180000E+1	-1.557868E-1
2.200000E+1	-2.116466E-1
2.220000E+1	-2.496802E-1
2.240000E+1	-2.608198E-1
2.260000E+1	-2.317205E-1
2.280000E+1	-2.098837E-1
2.300000E+1	-1.768311E-1
2.320000E+1	-1.930261E-1
2.340000E+1	-1.738378E-1
2.360000E+1	-2.027442E-1
2.380000E+1	-2.646688E-1
2.400000E+1	-2.429657E-1
2.420000E+1	-2.816706E-1
2.440000E+1	-2.456783E-1
2.460000E+1	-1.740973E-1
2.480000E+1	-1.324855E-1
2.500000E+1	-1.301863E-1
2.520000E+1	-2.172807E-1
2.540000E+1	-3.057197E-1
2.560000E+1	-3.622001E-1
2.580000E+1	-3.266387E-1
2.600000E+1	-2.018850E-1
2.620000E+1	-2.009849E-1
2.640000E+1	-1.642313E-1
2.660000E+1	-2.038035E-1
2.680000E+1	-1.649063E-1
2.700000E+1	-2.001701E-1
2.720000E+1	-2.491583E-1
2.740000E+1	-3.186516E-1
2.760000E+1	-3.329274E-1
2.780000E+1	-3.373279E-1
2.800000E+1	-2.825390E-1
2.820000E+1	-3.002535E-1
2.840000E+1	-2.807199E-1
2.860000E+1	-2.871050E-1
2.880000E+1	-3.240907E-1
2.900000E+1	-3.904110E-1
2.920000E+1	-3.673337E-1
2.940000E+1	-3.972494E-1
2.960000E+1	-3.664608E-1
2.980000E+1	-3.508828E-1
3.000000E+1	-3.708545E-1
3.020000E+1	-3.449719E-1
3.040000E+1	-3.919519E-1
3.060000E+1	-3.980702E-1
3.080000E+1	-4.721367E-1
3.100000E+1	-4.261698E-1
3.120000E+1	-3.431007E-1
3.140000E+1	-2.669423E-1
3.160000E+1	-3.186814E-1
3.180000E+1	-3.965239E-1
3.200000E+1	-4.848618E-1
3.220000E+1	-5.217429E-1
3.240000E+1	-4.855536E-1
3.260000E+1	-4.627937E-1
3.280000E+1	-4.676580E-1
3.300000E+1	-3.732833E-1
3.320000E+1	-3.389762E-1
3.340000E+1	-3.079635E-1
3.360000E+1	-3.554313E-1
3.380000E+1	-3.844312E-1
3.400000E+1	-4.035319E-1
3.420000E+1	-3.620042E-1
3.440000E+1	-3.314862E-1
3.460000E+1	-2.928990E-1
3.480000E+1	-3.033854E-1
3.500000E+1	-3.543732E-1
3.520000E+1	-3.632196E-1
3.540000E+1	-3.562413E-1
3.560000E+1	-3.333571E-1
3.580000E+1	-3.492801E-1
3.600000E+1	-3.328396E-1
3.620000E+1	-3.720021E-1
3.640000E+1	-3.591127E-1
3.660000E+1	-2.836758E-1
3.680000E+1	-2.830166E-1
3.700000E+1	-2.310304E-1
3.720000E+1	-2.938977E-1
3.740000E+1	-3.504884E-1
3.760000E+1	-3.634908E-1
3.780000E+1	-3.948681E-1
3.800000E+1	-3.686986E-1
3.820000E+1	-3.248846E-1
3.840000E+1	-3.284880E-1
3.860000E+1	-3.578722E-1
3.880000E+1	-3.566029E-1
3.900000E+1	-4.262035E-1
3.920000E+1	-4.429423E-1
3.940000E+1	-4.204099E-1
3.960000E+1	-3.519662E-1
3.980000E+1	-2.496267E-1
