0.000000E+0	9.295853E-2
2.000000E-1	1.001452E-1
4.000000E-1	1.103280E-1
6.000000E-1	4.728517E-2
8.000000E-1	3.039252E-2
1.000000E+0	-8.340848E-3
1.200000E+0	8.941038E-2
1.400000E+0	1.157258E-2
1.600000E+0	-1.100092E-3
1.800000E+0	-2.909118E-2
2.000000E+0	-3.317686E-2
2.200000E+0	-2.488697E-3
2.400000E+0	-1.094653E-2
2.600000E+0	-1.481024E-2
2.800000E+0	1.555475E-3
3.000000E+0	3.388469E-2
3.200000E+0	4.460085E-2
3.400000E+0	6.460324E-2
3.600000E+0	3.322682E-2
3.800000E+0	4.405604E-2
4.000000E+0	-4.763276E-3
4.200000E+0	-2.070266E-2
4.400000E+0	-9.711452E-2
4.600000E+0	-1.019386E-1
4.800000E+0	-4.474342E-2
5.000000E+0	-2.973055E-2
5.200000E+0	6.303615E-2
5.400000E+0	2.011795E-1
5.600000E+0	3.429493E-1
5.800000E+0	5.173575E-1
6.000000E+0	6.397869E-1
6.200000E+0	7.665123E-1
6.400000E+0	8.995198E-1
6.600000E+0	9.675990E-1
6.800000E+0	1.102741E+0
7.000000E+0	1.194152E+0
7.200000E+0	1.327740E+0
7.400000E+0	1.405962E+0
7.600000E+0	1.472010E+0
7.800000E+0	1.533821E+0
8.000000E+0	1.734547E+0
8.200000E+0	1.915027E+0
8.400000E+0	2.077814E+0
8.600000E+0	2.223538E+0
8.800000E+0	2.436521E+0
9.000000E+0	2.602885E+0
9.200000E+0	2.875431E+0
9.400000E+0	3.165051E+0
9.600000E+0	3.509233E+0
9.800000E+0	3.883869E+0
1.000000E+1	4.373794E+0
1.020000E+1	4.959516E+0
1.040000E+1	5.680010E+0
1.060000E+1	6.434133E+0
1.080000E+1	7.259365E+0
1.100000E+1	8.259416E+0
1.120000E+1	9.225427E+0
1.140000E+1	1.029801E+1
1.160000E+1	1.136910E+1
1.180000E+1	1.249521E+1
1.200000E+1	1.359183E+1
1.220000E+1	1.456076E+1
1.240000E+1	1.541487E+1
1.260000E+1	1.620347E+1
1.280000E+1	1.686099E+1
1.300000E+1	1.739774E+1
1.320000E+1	1.779859E+1
1.340000E+1	1.801170E+1
1.360000E+1	1.792951E+1
1.380000E+1	1.770128E+1
1.400000E+1	1.731719E+1
1.420000E+1	1.694197E+1
1.440000E+1	1.647789E+1
1.460000E+1	1.596898E+1
1.480000E+1	1.536392E+1
1.500000E+1	1.470070E+1
1.520000E+1	1.388292E+1
1.540000E+1	1.300251E+1
1.560000E+1	1.213289E+1
1.580000E+1	1.123849E+1
1.600000E+1	1.038568E+1
1.620000E+1	9.523651E+0
1.640000E+1	8.665207E+0
1.660000E+1	7.911219E+0
1.680000E+1	7.292410E+0
1.700000E+1	6.657997E+0
1.720000E+1	6.157702E+0
1.740000E+1	5.685661E+0
1.760000E+1	5.291666E+0
1.780000E+1	4.996224E+0
1.800000E+1	4.717978E+0
1.820000E+1	4.407860E+0
1.840000E+1	4.057374E+0
1.860000E+1	3.715796E+0
1.880000E+1	3.481524E+0
1.900000E+1	3.227816E+0
1.920000E+1	3.063901E+0
1.940000E+1	2.938525E+0
1.960000E+1	2.782218E+0
1.980000E+1	2.586677E+0
2.000000E+1	2.476775E+0
2.020000E+1	2.371267E+0
2.040000E+1	2.356197E+0
2.060000E+1	2.214256E+0
2.080000E+1	2.149333E+0
2.100000E+1	1.997465E+0
2.120000E+1	1.955617E+0
2.140000E+1	1.863502E+0
2.160000E+1	1.738339E+0
2.180000E+1	1.669721E+0
2.200000E+1	1.620545E+0
2.220000E+1	1.558496E+0
2.240000E+1	1.556274E+0
2.260000E+1	1.460076E+0
2.280000E+1	1.348265E+0
2.300000E+1	1.258960E+0
2.320000E+1	1.210834E+0
2.340000E+1	1.278773E+0
2.360000E+1	1.252642E+0
2.380000E+1	1.264880E+0
2.400000E+1	1.216111E+0
2.420000E+1	1.156581E+0
2.440000E+1	1.084385E+0
2.460000E+1	9.817366E-1
2.480000E+1	9.796218E-1
2.500000E+1	8.926897E-1
2.520000E+1	8.973849E-1
2.540000E+1	8.967133E-1
2.560000E+1	8.849504E-1
2.580000E+1	8.323929E-1
2.600000E+1	8.994209E-1
2.620000E+1	9.631346E-1
2.640000E+1	9.847663E-1
2.660000E+1	9.488233E-1
2.680000E+1	8.212159E-1
2.700000E+1	7.956740E-1
2.720000E+1	7.162105E-1
2.740000E+1	6.472946E-1
2.760000E+1	5.234694E-1
2.780000E+1	6.073957E-1
2.800000E+1	6.618791E-1
2.820000E+1	8.109442E-1
2.840000E+1	7.247937E-1
2.860000E+1	6.104798E-1
2.880000E+1	4.881615E-1
2.900000E+1	4.972785E-1
2.920000E+1	5.381180E-1
2.940000E+1	5.850666E-1
2.960000E+1	5.418920E-1
2.980000E+1	5.064985E-1
3.000000E+1	5.967709E-1
3.020000E+1	5.323248E-1
3.040000E+1	5.431439E-1
3.060000E+1	4.405448E-1
3.080000E+1	4.304836E-1
3.100000E+1	4.486355E-1
3.120000E+1	4.270960E-1
3.140000E+1	3.849702E-1
3.160000E+1	3.699473E-1
3.180000E+1	3.592220E-1
3.200000E+1	4.164976E-1
3.220000E+1	3.355966E-1
3.240000E+1	2.622291E-1
3.260000E+1	1.983740E-1
3.280000E+1	2.445362E-1
3.300000E+1	2.954727E-1
3.320000E+1	2.580303E-1
3.340000E+1	2.685566E-1
3.360000E+1	2.021396E-1
3.380000E+1	1.785552E-1
3.400000E+1	1.542616E-1
3.420000E+1	1.244560E-1
3.440000E+1	1.529094E-1
3.460000E+1	1.119897E-1
3.480000E+1	1.407210E-1
3.500000E+1	1.898962E-1
3.520000E+1	1.707401E-1
3.540000E+1	1.735703E-1
3.560000E+1	9.210460E-2
3.580000E+1	7.063608E-2
3.600000E+1	1.505079E-1
3.620000E+1	2.742761E-1
3.640000E+1	3.850900E-1
3.660000E+1	3.190113E-1
3.680000E+1	2.071316E-1
3.700000E+1	1.959586E-1
3.720000E+1	1.779400E-1
3.740000E+1	1.191025E-1
3.760000E+1	8.248400E-2
3.780000E+1	3.505322E-2
3.800000E+1	1.297958E-2
3.820000E+1	-3.689129E-3
3.840000E+1	1.397049E-2
3.860000E+1	1.796179E-2
3.880000E+1	9.986399E-2
3.900000E+1	1.381990E-1
3.920000E+1	9.504045E-2
3.940000E+1	1.939131E-2
3.960000E+1	-1.333720E-1
3.980000E+1	-2.614759E-1
