0.000000E+0	-1.665819E-2
2.000000E-1	-5.841809E-2
4.000000E-1	-1.844968E-2
6.000000E-1	1.325945E-2
8.000000E-1	1.193515E-1
1.000000E+0	1.113196E-1
1.200000E+0	8.764623E-2
1.400000E+0	1.463947E-2
1.600000E+0	1.747948E-2
1.800000E+0	4.080513E-2
2.000000E+0	-3.632897E-2
2.200000E+0	-5.845056E-2
2.400000E+0	-8.193364E-2
2.600000E+0	6.731518E-3
2.800000E+0	5.626443E-2
3.000000E+0	7.311882E-2
3.200000E+0	3.566271E-2
3.400000E+0	4.036666E-3
3.600000E+0	-1.525303E-2
3.800000E+0	-3.792561E-3
4.000000E+0	-3.468679E-2
4.200000E+0	-4.014813E-2
4.400000E+0	2.240097E-2
4.600000E+0	5.790475E-2
4.800000E+0	1.214950E-1
5.000000E+0	1.839143E-1
5.200000E+0	2.146538E-1
5.400000E+0	2.370227E-1
5.600000E+0	3.138403E-1
5.800000E+0	3.664394E-1
6.000000E+0	5.004978E-1
6.200000E+0	4.784373E-1
6.400000E+0	4.719721E-1
6.600000E+0	4.015652E-1
6.800000E+0	3.999726E-1
7.000000E+0	4.460018E-1
7.200000E+0	4.133586E-1
7.400000E+0	4.600628E-1
7.600000E+0	3.739085E-1
7.800000E+0	4.106649E-1
8.000000E+0	4.752830E-1
8.200000E+0	6.259538E-1
8.400000E+0	7.255219E-1
8.600000E+0	7.641204E-1
8.800000E+0	6.749208E-1
9.000000E+0	6.784434E-1
9.200000E+0	7.362457E-1
9.400000E+0	9.844268E-1
9.600000E+0	1.098387E+0
9.800000E+0	1.174572E+0
1.000000E+1	1.192574E+0
1.020000E+1	1.174854E+0
1.040000E+1	1.186768E+0
1.060000E+1	1.144307E+0
1.080000E+1	1.104091E+0
1.100000E+1	1.034220E+0
1.120000E+1	1.051969E+0
1.140000E+1	1.189067E+0
1.160000E+1	1.338829E+0
1.180000E+1	1.354824E+0
1.200000E+1	1.384175E+0
1.220000E+1	1.315208E+0
1.240000E+1	1.294973E+0
1.260000E+1	1.217871E+0
1.280000E+1	1.223314E+0
1.300000E+1	1.298359E+0
1.320000E+1	1.365537E+0
1.340000E+1	1.525110E+0
1.360000E+1	1.496441E+0
1.380000E+1	1.543466E+0
1.400000E+1	1.582819E+0
1.420000E+1	1.693651E+0
1.440000E+1	1.702834E+0
1.460000E+1	1.647838E+0
1.480000E+1	1.561843E+0
1.500000E+1	1.490010E+0
1.520000E+1	1.438974E+0
1.540000E+1	1.342011E+0
1.560000E+1	1.254885E+0
1.580000E+1	1.211015E+0
1.600000E+1	1.179967E+0
1.620000E+1	1.220605E+0
1.640000E+1	1.305484E+0
1.660000E+1	1.260154E+0
1.680000E+1	1.188802E+0
1.700000E+1	1.051043E+0
1.720000E+1	9.926781E-1
1.740000E+1	9.354656E-1
1.760000E+1	7.649663E-1
1.780000E+1	7.025205E-1
1.800000E+1	6.826789E-1
1.820000E+1	7.521655E-1
1.840000E+1	7.380523E-1
1.860000E+1	7.627563E-1
1.880000E+1	7.271350E-1
1.900000E+1	6.113710E-1
1.920000E+1	5.770441E-1
1.940000E+1	6.240332E-1
1.960000E+1	7.414891E-1
1.980000E+1	8.112681E-1
2.000000E+1	7.464422E-1
2.020000E+1	5.732197E-1
2.040000E+1	4.249718E-1
2.060000E+1	3.365433E-1
2.080000E+1	3.079252E-1
2.100000E+1	4.298913E-1
2.120000E+1	4.290379E-1
2.140000E+1	4.370642E-1
2.160000E+1	4.556612E-1
2.180000E+1	5.109651E-1
2.200000E+1	6.259502E-1
2.220000E+1	6.570662E-1
2.240000E+1	5.920382E-1
2.260000E+1	5.473810E-1
2.280000E+1	5.057125E-1
2.300000E+1	4.906878E-1
2.320000E+1	5.412952E-1
2.340000E+1	5.367226E-1
2.360000E+1	5.458866E-1
2.380000E+1	4.443309E-1
2.400000E+1	4.078057E-1
2.420000E+1	3.586748E-1
2.440000E+1	3.643587E-1
2.460000E+1	3.803168E-1
2.480000E+1	3.271334E-1
2.500000E+1	2.566585E-1
2.520000E+1	2.710227E-1
2.540000E+1	2.869679E-1
2.560000E+1	4.058198E-1
2.580000E+1	3.888764E-1
2.600000E+1	3.299420E-1
2.620000E+1	1.974759E-1
2.640000E+1	1.979995E-1
2.660000E+1	2.025240E-1
2.680000E+1	1.930427E-1
2.700000E+1	1.844158E-1
2.720000E+1	2.704697E-1
2.740000E+1	2.581196E-1
2.760000E+1	2.085743E-1
2.780000E+1	1.877729E-1
2.800000E+1	1.953949E-1
2.820000E+1	2.988157E-1
2.840000E+1	3.183349E-1
2.860000E+1	3.422706E-1
2.880000E+1	3.395315E-1
2.900000E+1	2.812844E-1
2.920000E+1	1.770260E-1
2.940000E+1	1.240379E-1
2.960000E+1	1.815493E-1
2.980000E+1	1.741024E-1
3.000000E+1	2.403536E-1
3.020000E+1	2.461085E-1
3.040000E+1	3.029719E-1
3.060000E+1	3.576606E-1
3.080000E+1	3.660331E-1
3.100000E+1	3.929412E-1
3.120000E+1	3.393177E-1
3.140000E+1	2.596144E-1
3.160000E+1	1.513516E-1
3.180000E+1	5.296196E-2
3.200000E+1	1.474571E-1
3.220000E+1	3.384044E-1
3.240000E+1	5.219700E-1
3.260000E+1	4.704339E-1
3.280000E+1	3.628350E-1
3.300000E+1	2.210769E-1
3.320000E+1	1.279602E-1
3.340000E+1	1.755946E-1
3.360000E+1	2.358199E-1
3.380000E+1	2.096337E-1
3.400000E+1	2.098043E-1
3.420000E+1	2.285873E-1
3.440000E+1	2.324574E-1
3.460000E+1	2.303181E-1
3.480000E+1	1.927664E-1
3.500000E+1	1.237011E-1
3.520000E+1	1.373935E-1
3.540000E+1	1.900709E-1
3.560000E+1	2.619410E-1
3.580000E+1	2.502413E-1
3.600000E+1	1.869654E-1
3.620000E+1	1.889507E-1
3.640000E+1	2.404052E-1
3.660000E+1	3.330205E-1
3.680000E+1	2.861642E-1
3.700000E+1	2.962480E-1
3.720000E+1	2.832589E-1
3.740000E+1	3.377006E-1
3.760000E+1	3.685096E-1
3.780000E+1	2.911710E-1
3.800000E+1	2.015309E-1
3.820000E+1	6.149144E-2
3.840000E+1	7.201213E-2
3.860000E+1	1.793812E-1
3.880000E+1	1.913523E-1
3.900000E+1	1.385945E-1
3.920000E+1	1.161298E-1
3.940000E+1	1.085367E-1
3.960000E+1	7.529549E-2
3.980000E+1	4.338714E-2
