0.000000E+0	-1.615414E-1
2.000000E-1	-1.120207E-1
4.000000E-1	-6.513514E-2
6.000000E-1	2.875325E-2
8.000000E-1	3.824602E-2
1.000000E+0	1.287198E-2
1.200000E+0	-5.758514E-2
1.400000E+0	-5.328802E-2
1.600000E+0	4.201117E-2
1.800000E+0	9.634709E-2
2.000000E+0	2.941955E-2
2.200000E+0	-7.164076E-2
2.400000E+0	-1.570266E-1
2.600000E+0	-8.861555E-2
2.800000E+0	2.132426E-2
3.000000E+0	6.733685E-2
3.200000E+0	1.691133E-2
3.400000E+0	-9.209595E-3
3.600000E+0	-3.041192E-2
3.800000E+0	-3.582647E-2
4.000000E+0	-9.895880E-2
4.200000E+0	-7.843667E-2
4.400000E+0	-9.174866E-2
4.600000E+0	-6.307761E-2
4.800000E+0	-7.539602E-2
5.000000E+0	-7.475854E-4
5.200000E+0	6.594033E-2
5.400000E+0	2.315024E-1
5.600000E+0	3.122009E-1
5.800000E+0	5.141747E-1
6.000000E+0	7.500298E-1
6.200000E+0	8.948031E-1
6.400000E+0	9.663424E-1
6.600000E+0	9.263343E-1
6.800000E+0	1.009807E+0
7.000000E+0	1.137647E+0
7.200000E+0	1.256331E+0
7.400000E+0	1.342928E+0
7.600000E+0	1.393360E+0
7.800000E+0	1.531517E+0
8.000000E+0	1.661839E+0
8.200000E+0	1.780183E+0
8.400000E+0	1.939582E+0
8.600000E+0	2.056062E+0
8.800000E+0	2.191950E+0
9.000000E+0	2.310443E+0
9.200000E+0	2.395064E+0
9.400000E+0	2.574771E+0
9.600000E+0	2.727843E+0
9.800000E+0	2.930555E+0
1.000000E+1	3.074601E+0
1.020000E+1	3.311132E+0
1.040000E+1	3.528256E+0
1.060000E+1	3.827351E+0
1.080000E+1	4.069885E+0
1.100000E+1	4.374404E+0
1.120000E+1	4.673592E+0
1.140000E+1	5.040433E+0
1.160000E+1	5.325785E+0
1.180000E+1	5.695340E+0
1.200000E+1	6.006041E+0
1.220000E+1	6.359449E+0
1.240000E+1	6.668529E+0
1.260000E+1	6.917157E+0
1.280000E+1	7.197136E+0
1.300000E+1	7.407836E+0
1.320000E+1	7.638863E+0
1.340000E+1	7.825521E+0
1.360000E+1	8.028620E+0
1.380000E+1	8.126543E+0
1.400000E+1	8.173314E+0
1.420000E+1	8.233591E+0
1.440000E+1	8.243826E+0
1.460000E+1	8.247597E+0
1.480000E+1	8.285669E+0
1.500000E+1	8.244229E+0
1.520000E+1	8.200182E+0
1.540000E+1	8.046175E+0
1.560000E+1	7.807819E+0
1.580000E+1	7.577406E+0
1.600000E+1	7.342185E+0
1.620000E+1	7.111206E+0
1.640000E+1	6.923690E+0
1.660000E+1	6.702655E+0
1.680000E+1	6.443575E+0
1.700000E+1	6.194973E+0
1.720000E+1	5.936495E+0
1.740000E+1	5.734248E+0
1.760000E+1	5.499071E+0
1.780000E+1	5.235220E+0
1.800000E+1	4.978100E+0
1.820000E+1	4.763771E+0
1.840000E+1	4.702353E+0
1.860000E+1	4.578460E+0
1.880000E+1	4.404146E+0
1.900000E+1	4.185072E+0
1.920000E+1	3.997802E+0
1.940000E+1	3.846556E+0
1.960000E+1	3.756903E+0
1.980000E+1	3.568254E+0
2.000000E+1	3.402920E+0
2.020000E+1	3.203822E+0
2.040000E+1	3.083867E+0
2.060000E+1	2.953499E+0
2.080000E+1	2.849432E+0
2.100000E+1	2.803284E+0
2.120000E+1	2.772440E+0
2.140000E+1	2.792338E+0
2.160000E+1	2.755405E+0
2.180000E+1	2.605281E+0
2.200000E+1	2.452606E+0
2.220000E+1	2.251743E+0
2.240000E+1	2.248851E+0
2.260000E+1	2.255415E+0
2.280000E+1	2.280074E+0
2.300000E+1	2.295424E+0
2.320000E+1	2.160445E+0
2.340000E+1	2.060587E+0
2.360000E+1	1.995760E+0
2.380000E+1	1.966107E+0
2.400000E+1	2.038315E+0
2.420000E+1	2.006271E+0
2.440000E+1	2.013753E+0
2.460000E+1	1.885899E+0
2.480000E+1	1.799452E+0
2.500000E+1	1.764554E+0
2.520000E+1	1.730239E+0
2.540000E+1	1.724115E+0
2.560000E+1	1.737518E+0
2.580000E+1	1.657059E+0
2.600000E+1	1.596463E+0
2.620000E+1	1.527860E+0
2.640000E+1	1.565146E+0
2.660000E+1	1.574080E+0
2.680000E+1	1.595867E+0
2.700000E+1	1.578717E+0
2.720000E+1	1.464263E+0
2.740000E+1	1.431272E+0
2.760000E+1	1.384452E+0
2.780000E+1	1.449762E+0
2.800000E+1	1.400520E+0
2.820000E+1	1.311067E+0
2.840000E+1	1.212778E+0
2.860000E+1	1.099131E+0
2.880000E+1	1.108026E+0
2.900000E+1	1.127455E+0
2.920000E+1	1.166819E+0
2.940000E+1	1.209903E+0
2.960000E+1	1.190200E+0
2.980000E+1	1.187945E+0
3.000000E+1	1.134151E+0
3.020000E+1	1.183186E+0
3.040000E+1	1.171308E+0
3.060000E+1	1.142694E+0
3.080000E+1	1.023663E+0
3.100000E+1	9.788939E-1
3.120000E+1	1.010524E+0
3.140000E+1	8.933377E-1
3.160000E+1	9.303224E-1
3.180000E+1	8.992219E-1
3.200000E+1	9.134695E-1
3.220000E+1	8.804433E-1
3.240000E+1	8.951687E-1
3.260000E+1	8.770500E-1
3.280000E+1	7.821637E-1
3.300000E+1	6.876918E-1
3.320000E+1	5.995746E-1
3.340000E+1	5.875385E-1
3.360000E+1	5.862546E-1
3.380000E+1	5.822271E-1
3.400000E+1	6.067113E-1
3.420000E+1	5.930012E-1
3.440000E+1	5.558213E-1
3.460000E+1	5.068419E-1
3.480000E+1	5.154440E-1
3.500000E+1	4.731927E-1
3.520000E+1	4.566006E-1
3.540000E+1	3.856472E-1
3.560000E+1	4.796264E-1
3.580000E+1	4.450134E-1
3.600000E+1	3.916465E-1
3.620000E+1	2.889788E-1
3.640000E+1	2.809395E-1
3.660000E+1	3.385431E-1
3.680000E+1	2.962978E-1
3.700000E+1	2.529187E-1
3.720000E+1	2.053713E-1
3.740000E+1	2.516973E-1
3.760000E+1	2.411847E-1
3.780000E+1	2.388268E-1
3.800000E+1	1.304857E-1
3.820000E+1	1.302795E-1
3.840000E+1	4.180715E-2
3.860000E+1	1.869533E-1
3.880000E+1	2.014663E-1
3.900000E+1	1.844371E-1
3.920000E+1	7.375446E-2
3.940000E+1	3.961393E-2
3.960000E+1	2.609286E-2
3.980000E+1	9.872425E-2
