0.000000E+0	1.323537E-1
2.000000E-1	8.330806E-2
4.000000E-1	-5.324436E-2
6.000000E-1	-8.681505E-2
8.000000E-1	-1.060432E-1
1.000000E+0	1.690383E-2
1.200000E+0	-4.054112E-2
1.400000E+0	5.228109E-2
1.600000E+0	1.363769E-2
1.800000E+0	2.959945E-2
2.000000E+0	-3.017669E-2
2.200000E+0	-1.806359E-2
2.400000E+0	-6.949714E-3
2.600000E+0	-8.192713E-3
2.800000E+0	-8.498245E-3
3.000000E+0	1.787056E-2
3.200000E+0	5.876901E-2
3.400000E+0	9.047432E-2
3.600000E+0	-2.498612E-2
3.800000E+0	-4.559614E-2
4.000000E+0	-1.055420E-1
4.200000E+0	2.427064E-2
4.400000E+0	6.354550E-2
4.600000E+0	1.869321E-1
4.800000E+0	1.267231E-1
5.000000E+0	1.842683E-2
5.200000E+0	6.404335E-2
5.400000E+0	1.755321E-1
5.600000E+0	3.280974E-1
5.800000E+0	5.592754E-1
6.000000E+0	8.519404E-1
6.200000E+0	1.111870E+0
6.400000E+0	1.327536E+0
6.600000E+0	1.589295E+0
6.800000E+0	2.076033E+0
7.000000E+0	2.875873E+0
7.200000E+0	3.352677E+0
7.400000E+0	3.488122E+0
7.600000E+0	3.515585E+0
7.800000E+0	3.531279E+0
8.000000E+0	3.627565E+0
8.200000E+0	3.684864E+0
8.400000E+0	3.718924E+0
8.600000E+0	3.917629E+0
8.800000E+0	4.136355E+0
9.000000E+0	4.294797E+0
9.200000E+0	4.395023E+0
9.400000E+0	4.346390E+0
9.600000E+0	4.136898E+0
9.800000E+0	3.902690E+0
1.000000E+1	4.117500E+0
1.020000E+1	4.448958E+0
1.040000E+1	4.905092E+0
1.060000E+1	5.537998E+0
1.080000E+1	6.348225E+0
1.100000E+1	7.385631E+0
1.120000E+1	8.151847E+0
1.140000E+1	8.700793E+0
1.160000E+1	9.125198E+0
1.180000E+1	9.412044E+0
1.200000E+1	9.591689E+0
1.220000E+1	9.840187E+0
1.240000E+1	9.934390E+0
1.260000E+1	1.024179E+1
1.280000E+1	1.026943E+1
1.300000E+1	1.045534E+1
1.320000E+1	1.048692E+1
1.340000E+1	1.050020E+1
1.360000E+1	1.047144E+1
1.380000E+1	1.026989E+1
1.400000E+1	1.016916E+1
1.420000E+1	1.005711E+1
1.440000E+1	1.009568E+1
1.460000E+1	1.003218E+1
1.480000E+1	1.010788E+1
1.500000E+1	1.012206E+1
1.520000E+1	1.007681E+1
1.540000E+1	9.911261E+0
1.560000E+1	9.738696E+0
1.580000E+1	9.467922E+0
1.600000E+1	9.136364E+0
1.620000E+1	8.788506E+0
1.640000E+1	8.417430E+0
1.660000E+1	8.093598E+0
1.680000E+1	7.842896E+0
1.700000E+1	7.538237E+0
1.720000E+1	7.243712E+0
1.740000E+1	6.944266E+0
1.760000E+1	6.701722E+0
1.780000E+1	6.405595E+0
1.800000E+1	6.206106E+0
1.820000E+1	5.995634E+0
1.840000E+1	5.800069E+0
1.860000E+1	5.587268E+0
1.880000E+1	5.408843E+0
1.900000E+1	5.221871E+0
1.920000E+1	4.975662E+0
1.940000E+1	4.785138E+0
1.960000E+1	4.592865E+0
1.980000E+1	4.457601E+0
2.000000E+1	4.224452E+0
2.020000E+1	4.072834E+0
2.040000E+1	3.894774E+0
2.060000E+1	3.818403E+0
2.080000E+1	3.755013E+0
2.100000E+1	3.696056E+0
2.120000E+1	3.653918E+0
2.140000E+1	3.403402E+0
2.160000E+1	3.202612E+0
2.180000E+1	3.058486E+0
2.200000E+1	3.047489E+0
2.220000E+1	2.911048E+0
2.240000E+1	2.801699E+0
2.260000E+1	2.810191E+0
2.280000E+1	2.784604E+0
2.300000E+1	2.639831E+0
2.320000E+1	2.421761E+0
2.340000E+1	2.286522E+0
2.360000E+1	2.227010E+0
2.380000E+1	2.193365E+0
2.400000E+1	2.221021E+0
2.420000E+1	2.201213E+0
2.440000E+1	2.197972E+0
2.460000E+1	2.096083E+0
2.480000E+1	1.958485E+0
2.500000E+1	1.930643E+0
2.520000E+1	1.907010E+0
2.540000E+1	1.879343E+0
2.560000E+1	1.787446E+0
2.580000E+1	1.775698E+0
2.600000E+1	1.738339E+0
2.620000E+1	1.670181E+0
2.640000E+1	1.580221E+0
2.660000E+1	1.542461E+0
2.680000E+1	1.586523E+0
2.700000E+1	1.516406E+0
2.720000E+1	1.446508E+0
2.740000E+1	1.341762E+0
2.760000E+1	1.349047E+0
2.780000E+1	1.289538E+0
2.800000E+1	1.261067E+0
2.820000E+1	1.283334E+0
2.840000E+1	1.336074E+0
2.860000E+1	1.289639E+0
2.880000E+1	1.251135E+0
2.900000E+1	1.192733E+0
2.920000E+1	1.141682E+0
2.940000E+1	1.066875E+0
2.960000E+1	1.019856E+0
2.980000E+1	9.833898E-1
3.000000E+1	9.621925E-1
3.020000E+1	8.563148E-1
3.040000E+1	7.684375E-1
3.060000E+1	8.586095E-1
3.080000E+1	8.208115E-1
3.100000E+1	8.043353E-1
3.120000E+1	7.532736E-1
3.140000E+1	7.926573E-1
3.160000E+1	7.838503E-1
3.180000E+1	7.778514E-1
3.200000E+1	7.267207E-1
3.220000E+1	6.632542E-1
3.240000E+1	6.078429E-1
3.260000E+1	6.510750E-1
3.280000E+1	6.814906E-1
3.300000E+1	6.741532E-1
3.320000E+1	6.049362E-1
3.340000E+1	5.035386E-1
3.360000E+1	4.574416E-1
3.380000E+1	3.514023E-1
3.400000E+1	2.997466E-1
3.420000E+1	2.749146E-1
3.440000E+1	3.258769E-1
3.460000E+1	3.588798E-1
3.480000E+1	3.451788E-1
3.500000E+1	3.299250E-1
3.520000E+1	2.249211E-1
3.540000E+1	1.299921E-1
3.560000E+1	1.113359E-1
3.580000E+1	9.171537E-2
3.600000E+1	1.493661E-1
3.620000E+1	2.323954E-1
3.640000E+1	2.385037E-1
3.660000E+1	2.418143E-1
3.680000E+1	1.447345E-1
3.700000E+1	2.418924E-2
3.720000E+1	-4.487196E-2
3.740000E+1	-1.045220E-1
3.760000E+1	-1.998686E-1
3.780000E+1	-1.591239E-1
3.800000E+1	-2.024442E-1
3.820000E+1	-1.951831E-1
3.840000E+1	-2.509621E-1
3.860000E+1	-2.464989E-1
3.880000E+1	-2.785371E-1
3.900000E+1	-2.436097E-1
3.920000E+1	-2.121143E-1
3.940000E+1	-1.340729E-2
3.960000E+1	-6.385689E-2
3.980000E+1	1.772916E-2
