0.000000E+0	6.538462E-2
2.000000E-1	6.744833E-2
4.000000E-1	1.452150E-2
6.000000E-1	-3.785050E-2
8.000000E-1	4.064372E-3
1.000000E+0	-1.650907E-2
1.200000E+0	-2.084854E-2
1.400000E+0	-8.317108E-2
1.600000E+0	-3.700708E-2
1.800000E+0	3.912784E-2
2.000000E+0	7.022421E-2
2.200000E+0	9.599953E-2
2.400000E+0	4.338429E-3
2.600000E+0	1.964144E-2
2.800000E+0	-1.141248E-2
3.000000E+0	-3.606784E-2
3.200000E+0	-5.380421E-2
3.400000E+0	-6.817185E-2
3.600000E+0	-5.931924E-2
3.800000E+0	1.102218E-2
4.000000E+0	-2.302445E-2
4.200000E+0	7.801161E-3
4.400000E+0	-2.996294E-2
4.600000E+0	9.424075E-2
4.800000E+0	9.227863E-2
5.000000E+0	1.795147E-1
5.200000E+0	1.283408E-1
5.400000E+0	1.699900E-1
5.600000E+0	2.574995E-1
5.800000E+0	4.140080E-1
6.000000E+0	5.845404E-1
6.200000E+0	6.159866E-1
6.400000E+0	7.850923E-1
6.600000E+0	8.542961E-1
6.800000E+0	1.154342E+0
7.000000E+0	1.343057E+0
7.200000E+0	1.545290E+0
7.400000E+0	1.643653E+0
7.600000E+0	1.851883E+0
7.800000E+0	2.035037E+0
8.000000E+0	2.256765E+0
8.200000E+0	2.516392E+0
8.400000E+0	2.731419E+0
8.600000E+0	2.781390E+0
8.800000E+0	2.917345E+0
9.000000E+0	3.138765E+0
9.200000E+0	3.487467E+0
9.400000E+0	3.748928E+0
9.600000E+0	4.054968E+0
9.800000E+0	4.270567E+0
1.000000E+1	4.564740E+0
1.020000E+1	4.815353E+0
1.040000E+1	5.182284E+0
1.060000E+1	5.580788E+0
1.080000E+1	5.776481E+0
1.100000E+1	5.705973E+0
1.120000E+1	5.488508E+0
1.140000E+1	5.335255E+0
1.160000E+1	5.346427E+0
1.180000E+1	5.708604E+0
1.200000E+1	6.300386E+0
1.220000E+1	7.084636E+0
1.240000E+1	7.582536E+0
1.260000E+1	7.896557E+0
1.280000E+1	8.231366E+0
1.300000E+1	8.743680E+0
1.320000E+1	9.489452E+0
1.340000E+1	1.026967E+1
1.360000E+1	1.115007E+1
1.380000E+1	1.181948E+1
1.400000E+1	1.247673E+1
1.420000E+1	1.311449E+1
1.440000E+1	1.374641E+1
1.460000E+1	1.454561E+1
1.480000E+1	1.503771E+1
1.500000E+1	1.506686E+1
1.520000E+1	1.449949E+1
1.540000E+1	1.348666E+1
1.560000E+1	1.227057E+1
1.580000E+1	1.100837E+1
1.600000E+1	9.881486E+0
1.620000E+1	8.701629E+0
1.640000E+1	7.829388E+0
1.660000E+1	7.012477E+0
1.680000E+1	6.346724E+0
1.700000E+1	5.689266E+0
1.720000E+1	5.086281E+0
1.740000E+1	4.604170E+0
1.760000E+1	4.258321E+0
1.780000E+1	3.878269E+0
1.800000E+1	3.490957E+0
1.820000E+1	3.151728E+0
1.840000E+1	2.932078E+0
1.860000E+1	2.740229E+0
1.880000E+1	2.492575E+0
1.900000E+1	2.458371E+0
1.920000E+1	2.314901E+0
1.940000E+1	2.191610E+0
1.960000E+1	2.042591E+0
1.980000E+1	1.988576E+0
2.000000E+1	1.864089E+0
2.020000E+1	1.775066E+0
2.040000E+1	1.623992E+0
2.060000E+1	1.538533E+0
2.080000E+1	1.520070E+0
2.100000E+1	1.501085E+0
2.120000E+1	1.465116E+0
2.140000E+1	1.374457E+0
2.160000E+1	1.242626E+0
2.180000E+1	1.115995E+0
2.200000E+1	1.031384E+0
2.220000E+1	1.134839E+0
2.240000E+1	1.132085E+0
2.260000E+1	1.131523E+0
2.280000E+1	1.017373E+0
2.300000E+1	9.661018E-1
2.320000E+1	9.291987E-1
2.340000E+1	9.181712E-1
2.360000E+1	8.606804E-1
2.380000E+1	8.123582E-1
2.400000E+1	7.630950E-1
2.420000E+1	7.458101E-1
2.440000E+1	8.024501E-1
2.460000E+1	8.663719E-1
2.480000E+1	7.596063E-1
2.500000E+1	7.376339E-1
2.520000E+1	6.365393E-1
2.540000E+1	5.729708E-1
2.560000E+1	5.645156E-1
2.580000E+1	5.635876E-1
2.600000E+1	6.249340E-1
2.620000E+1	6.226315E-1
2.640000E+1	7.027022E-1
2.660000E+1	6.697685E-1
2.680000E+1	6.714359E-1
2.700000E+1	6.898136E-1
2.720000E+1	7.282959E-1
2.740000E+1	6.590476E-1
2.760000E+1	5.161596E-1
2.780000E+1	3.986597E-1
2.800000E+1	3.477187E-1
2.820000E+1	3.451536E-1
2.840000E+1	3.483970E-1
2.860000E+1	3.554300E-1
2.880000E+1	4.505294E-1
2.900000E+1	4.451521E-1
2.920000E+1	3.980253E-1
2.940000E+1	3.416151E-1
2.960000E+1	3.170517E-1
2.980000E+1	3.092715E-1
3.000000E+1	2.425307E-1
3.020000E+1	2.773744E-1
3.040000E+1	2.748384E-1
3.060000E+1	3.109123E-1
3.080000E+1	2.896202E-1
3.100000E+1	3.431214E-1
3.120000E+1	3.316039E-1
3.140000E+1	3.180954E-1
3.160000E+1	2.859893E-1
3.180000E+1	2.387928E-1
3.200000E+1	2.391725E-1
3.220000E+1	1.824236E-1
3.240000E+1	2.024277E-1
3.260000E+1	2.108022E-1
3.280000E+1	2.184873E-1
3.300000E+1	2.492759E-1
3.320000E+1	1.925349E-1
3.340000E+1	1.798451E-1
3.360000E+1	7.211452E-2
3.380000E+1	7.975713E-2
3.400000E+1	-9.927546E-3
3.420000E+1	-1.054329E-2
3.440000E+1	-1.966971E-2
3.460000E+1	2.974117E-2
3.480000E+1	1.022716E-2
3.500000E+1	3.624406E-2
3.520000E+1	1.044766E-1
3.540000E+1	1.657013E-1
3.560000E+1	8.799797E-2
3.580000E+1	9.786748E-2
3.600000E+1	1.162803E-1
3.620000E+1	1.747560E-1
3.640000E+1	9.761937E-2
3.660000E+1	3.318254E-2
3.680000E+1	3.145274E-2
3.700000E+1	9.075215E-2
3.720000E+1	5.461739E-2
3.740000E+1	-1.439052E-2
3.760000E+1	-6.819314E-2
3.780000E+1	-5.328466E-2
3.800000E+1	5.424273E-2
3.820000E+1	1.280491E-1
3.840000E+1	6.503374E-2
3.860000E+1	5.082019E-3
3.880000E+1	-6.756137E-2
3.900000E+1	-4.163660E-2
3.920000E+1	-3.901969E-2
3.940000E+1	-3.873813E-2
3.960000E+1	-9.969449E-2
3.980000E+1	-8.870625E-2
