0.000000E+0	-7.594649E-3
2.000000E-1	1.523389E-2
4.000000E-1	-5.034002E-2
6.000000E-1	-2.352204E-2
8.000000E-1	1.392048E-2
1.000000E+0	1.102805E-1
1.200000E+0	1.615848E-2
1.400000E+0	-5.184221E-2
1.600000E+0	-9.408333E-2
1.800000E+0	8.347026E-3
2.000000E+0	5.584728E-2
2.200000E+0	6.756560E-2
2.400000E+0	-1.487363E-3
2.600000E+0	9.133103E-2
2.800000E+0	1.597552E-1
3.000000E+0	1.660226E-1
3.200000E+0	-2.051478E-2
3.400000E+0	-3.152296E-2
3.600000E+0	-2.552166E-2
3.800000E+0	3.317820E-2
4.000000E+0	7.316001E-2
4.200000E+0	8.012764E-2
4.400000E+0	1.298505E-1
4.600000E+0	1.417767E-1
4.800000E+0	1.494532E-1
5.000000E+0	1.663183E-1
5.200000E+0	1.486000E-1
5.400000E+0	2.499234E-1
5.600000E+0	3.475278E-1
5.800000E+0	4.889960E-1
6.000000E+0	4.267900E-1
6.200000E+0	4.309814E-1
6.400000E+0	5.337210E-1
6.600000E+0	1.120630E+0
6.800000E+0	1.722265E+0
7.000000E+0	1.864174E+0
7.200000E+0	2.038759E+0
7.400000E+0	2.212486E+0
7.600000E+0	2.523089E+0
7.800000E+0	2.762111E+0
8.000000E+0	2.915790E+0
8.200000E+0	3.169518E+0
8.400000E+0	3.360072E+0
8.600000E+0	3.613762E+0
8.800000E+0	3.944664E+0
9.000000E+0	4.497581E+0
9.200000E+0	4.960464E+0
9.400000E+0	5.374404E+0
9.600000E+0	5.709832E+0
9.800000E+0	6.096979E+0
1.000000E+1	6.457519E+0
1.020000E+1	6.984553E+0
1.040000E+1	7.558653E+0
1.060000E+1	8.249775E+0
1.080000E+1	8.744690E+0
1.100000E+1	8.639615E+0
1.120000E+1	8.161969E+0
1.140000E+1	7.737346E+0
1.160000E+1	7.767598E+0
1.180000E+1	8.354358E+0
1.200000E+1	9.310432E+0
1.220000E+1	1.024621E+1
1.240000E+1	1.109405E+1
1.260000E+1	1.169896E+1
1.280000E+1	1.234516E+1
1.300000E+1	1.323714E+1
1.320000E+1	1.432504E+1
1.340000E+1	1.571375E+1
1.360000E+1	1.680794E+1
1.380000E+1	1.778660E+1
1.400000E+1	1.877451E+1
1.420000E+1	1.991130E+1
1.440000E+1	2.116024E+1
1.460000E+1	2.256592E+1
1.480000E+1	2.358554E+1
1.500000E+1	2.395079E+1
1.520000E+1	2.335829E+1
1.540000E+1	2.200526E+1
1.560000E+1	2.021020E+1
1.580000E+1	1.832319E+1
1.600000E+1	1.630481E+1
1.620000E+1	1.439729E+1
1.640000E+1	1.266807E+1
1.660000E+1	1.128478E+1
1.680000E+1	9.971853E+0
1.700000E+1	8.857682E+0
1.720000E+1	7.868789E+0
1.740000E+1	7.047312E+0
1.760000E+1	6.356409E+0
1.780000E+1	5.742007E+0
1.800000E+1	5.271034E+0
1.820000E+1	4.884616E+0
1.840000E+1	4.508094E+0
1.860000E+1	4.140372E+0
1.880000E+1	3.779546E+0
1.900000E+1	3.540088E+0
1.920000E+1	3.258075E+0
1.940000E+1	3.032603E+0
1.960000E+1	2.790731E+0
1.980000E+1	2.672620E+0
2.000000E+1	2.544361E+0
2.020000E+1	2.427656E+0
2.040000E+1	2.323558E+0
2.060000E+1	2.291141E+0
2.080000E+1	2.206669E+0
2.100000E+1	2.083497E+0
2.120000E+1	2.022824E+0
2.140000E+1	1.972647E+0
2.160000E+1	1.975281E+0
2.180000E+1	1.928864E+0
2.200000E+1	1.801700E+0
2.220000E+1	1.751281E+0
2.240000E+1	1.724368E+0
2.260000E+1	1.715629E+0
2.280000E+1	1.588495E+0
2.300000E+1	1.538929E+0
2.320000E+1	1.493321E+0
2.340000E+1	1.420391E+0
2.360000E+1	1.392029E+0
2.380000E+1	1.382770E+0
2.400000E+1	1.317749E+0
2.420000E+1	1.263373E+0
2.440000E+1	1.200908E+0
2.460000E+1	1.201119E+0
2.480000E+1	1.227716E+0
2.500000E+1	1.178324E+0
2.520000E+1	1.085885E+0
2.540000E+1	1.058761E+0
2.560000E+1	1.031482E+0
2.580000E+1	1.081466E+0
2.600000E+1	1.053844E+0
2.620000E+1	1.035573E+0
2.640000E+1	1.015572E+0
2.660000E+1	9.610972E-1
2.680000E+1	9.323602E-1
2.700000E+1	9.331972E-1
2.720000E+1	9.806160E-1
2.740000E+1	9.832347E-1
2.760000E+1	9.897152E-1
2.780000E+1	9.224188E-1
2.800000E+1	8.889684E-1
2.820000E+1	9.040450E-1
2.840000E+1	8.589721E-1
2.860000E+1	8.535649E-1
2.880000E+1	8.685612E-1
2.900000E+1	8.142317E-1
2.920000E+1	7.421276E-1
2.940000E+1	7.218996E-1
2.960000E+1	7.350116E-1
2.980000E+1	7.976152E-1
3.000000E+1	7.519328E-1
3.020000E+1	7.475646E-1
3.040000E+1	7.175148E-1
3.060000E+1	6.813295E-1
3.080000E+1	5.771340E-1
3.100000E+1	5.071470E-1
3.120000E+1	5.059281E-1
3.140000E+1	4.046974E-1
3.160000E+1	5.030525E-1
3.180000E+1	5.503089E-1
3.200000E+1	5.908475E-1
3.220000E+1	6.061289E-1
3.240000E+1	6.145087E-1
3.260000E+1	6.244824E-1
3.280000E+1	6.278811E-1
3.300000E+1	6.359522E-1
3.320000E+1	6.077765E-1
3.340000E+1	5.270154E-1
3.360000E+1	4.730029E-1
3.380000E+1	5.287982E-1
3.400000E+1	5.163280E-1
3.420000E+1	6.451116E-1
3.440000E+1	6.235132E-1
3.460000E+1	6.407303E-1
3.480000E+1	6.694868E-1
3.500000E+1	7.129586E-1
3.520000E+1	5.679994E-1
3.540000E+1	5.649253E-1
3.560000E+1	4.820019E-1
3.580000E+1	4.332417E-1
3.600000E+1	3.890596E-1
3.620000E+1	4.515641E-1
3.640000E+1	4.434597E-1
3.660000E+1	4.910923E-1
3.680000E+1	3.647111E-1
3.700000E+1	3.655386E-1
3.720000E+1	3.673387E-1
3.740000E+1	3.387125E-1
3.760000E+1	3.219242E-1
3.780000E+1	3.603333E-1
3.800000E+1	4.014603E-1
3.820000E+1	4.611631E-1
3.840000E+1	4.031897E-1
3.860000E+1	3.089096E-1
3.880000E+1	2.394870E-1
3.900000E+1	1.463940E-1
3.920000E+1	1.634129E-1
3.940000E+1	2.719093E-1
3.960000E+1	2.711594E-1
3.980000E+1	2.522449E-1
