0.000000E+0	7.471356E-2
2.000000E-1	7.030647E-3
4.000000E-1	-3.926630E-2
6.000000E-1	3.082642E-2
8.000000E-1	5.881264E-2
1.000000E+0	7.333586E-2
1.200000E+0	-1.493102E-2
1.400000E+0	-1.672513E-3
1.600000E+0	-3.298389E-2
1.800000E+0	-1.682918E-2
2.000000E+0	-6.432267E-2
2.200000E+0	-6.743888E-2
2.400000E+0	-2.410115E-2
2.600000E+0	3.673970E-2
2.800000E+0	9.425782E-2
3.000000E+0	1.415010E-1
3.200000E+0	7.005576E-2
3.400000E+0	-4.481889E-2
3.600000E+0	-8.330371E-2
3.800000E+0	-2.898754E-2
4.000000E+0	3.991329E-2
4.200000E+0	4.200829E-2
4.400000E+0	-5.446516E-2
4.600000E+0	-3.645460E-2
4.800000E+0	-5.718982E-2
5.000000E+0	2.549049E-1
5.200000E+0	5.431330E-1
5.400000E+0	9.216880E-1
5.600000E+0	8.704080E-1
5.800000E+0	9.465079E-1
6.000000E+0	1.095313E+0
6.200000E+0	1.306659E+0
6.400000E+0	1.521503E+0
6.600000E+0	1.828408E+0
6.800000E+0	2.201089E+0
7.000000E+0	2.460169E+0
7.200000E+0	2.933280E+0
7.400000E+0	3.274765E+0
7.600000E+0	3.917939E+0
7.800000E+0	4.715105E+0
8.000000E+0	5.714285E+0
8.200000E+0	6.612119E+0
8.400000E+0	7.463655E+0
8.600000E+0	8.225617E+0
8.800000E+0	8.643642E+0
9.000000E+0	8.839537E+0
9.200000E+0	9.092824E+0
9.400000E+0	9.754206E+0
9.600000E+0	1.075661E+1
9.800000E+0	1.195793E+1
1.000000E+1	1.341907E+1
1.020000E+1	1.487913E+1
1.040000E+1	1.638420E+1
1.060000E+1	1.804975E+1
1.080000E+1	1.994587E+1
1.100000E+1	2.169623E+1
1.120000E+1	2.305286E+1
1.140000E+1	2.409711E+1
1.160000E+1	2.506240E+1
1.180000E+1	2.621359E+1
1.200000E+1	2.753960E+1
1.220000E+1	2.921481E+1
1.240000E+1	3.106749E+1
1.260000E+1	3.317509E+1
1.280000E+1	3.541447E+1
1.300000E+1	3.785812E+1
1.320000E+1	4.022589E+1
1.340000E+1	4.255766E+1
1.360000E+1	4.478807E+1
1.380000E+1	4.660259E+1
1.400000E+1	4.804922E+1
1.420000E+1	4.918200E+1
1.440000E+1	5.028782E+1
1.460000E+1	5.143900E+1
1.480000E+1	5.234719E+1
1.500000E+1	5.265464E+1
1.520000E+1	5.238148E+1
1.540000E+1	5.131804E+1
1.560000E+1	4.967707E+1
1.580000E+1	4.743739E+1
1.600000E+1	4.473863E+1
1.620000E+1	4.170461E+1
1.640000E+1	3.837512E+1
1.660000E+1	3.508900E+1
1.680000E+1	3.176380E+1
1.700000E+1	2.867457E+1
1.720000E+1	2.570979E+1
1.740000E+1	2.296503E+1
1.760000E+1	2.047130E+1
1.780000E+1	1.825689E+1
1.800000E+1	1.644871E+1
1.820000E+1	1.485566E+1
1.840000E+1	1.345399E+1
1.860000E+1	1.220357E+1
1.880000E+1	1.107105E+1
1.900000E+1	1.010175E+1
1.920000E+1	9.275361E+0
1.940000E+1	8.623369E+0
1.960000E+1	8.044082E+0
1.980000E+1	7.569878E+0
2.000000E+1	7.013450E+0
2.020000E+1	6.563791E+0
2.040000E+1	6.167035E+0
2.060000E+1	5.836875E+0
2.080000E+1	5.513395E+0
2.100000E+1	5.306736E+0
2.120000E+1	5.179745E+0
2.140000E+1	4.938231E+0
2.160000E+1	4.676320E+0
2.180000E+1	4.411088E+0
2.200000E+1	4.229743E+0
2.220000E+1	4.047118E+0
2.240000E+1	3.942932E+0
2.260000E+1	3.909648E+0
2.280000E+1	3.884756E+0
2.300000E+1	3.776693E+0
2.320000E+1	3.515248E+0
2.340000E+1	3.407230E+0
2.360000E+1	3.360390E+0
2.380000E+1	3.414237E+0
2.400000E+1	3.375020E+0
2.420000E+1	3.355921E+0
2.440000E+1	3.227379E+0
2.460000E+1	3.162716E+0
2.480000E+1	3.066742E+0
2.500000E+1	3.078814E+0
2.520000E+1	3.098115E+0
2.540000E+1	3.103538E+0
2.560000E+1	2.979450E+0
2.580000E+1	2.823604E+0
2.600000E+1	2.689569E+0
2.620000E+1	2.676172E+0
2.640000E+1	2.768714E+0
2.660000E+1	2.804766E+0
2.680000E+1	2.765876E+0
2.700000E+1	2.699982E+0
2.720000E+1	2.539564E+0
2.740000E+1	2.474666E+0
2.760000E+1	2.376551E+0
2.780000E+1	2.456744E+0
2.800000E+1	2.464274E+0
2.820000E+1	2.484721E+0
2.840000E+1	2.501925E+0
2.860000E+1	2.563591E+0
2.880000E+1	2.587768E+0
2.900000E+1	2.513471E+0
2.920000E+1	2.462295E+0
2.940000E+1	2.323018E+0
2.960000E+1	2.284698E+0
2.980000E+1	2.286356E+0
3.000000E+1	2.245107E+0
3.020000E+1	2.228051E+0
3.040000E+1	2.167800E+0
3.060000E+1	2.166687E+0
3.080000E+1	2.189824E+0
3.100000E+1	2.253926E+0
3.120000E+1	2.280796E+0
3.140000E+1	2.217754E+0
3.160000E+1	2.164616E+0
3.180000E+1	2.192337E+0
3.200000E+1	2.161227E+0
3.220000E+1	2.111730E+0
3.240000E+1	2.022606E+0
3.260000E+1	1.943129E+0
3.280000E+1	1.959993E+0
3.300000E+1	1.957427E+0
3.320000E+1	1.950968E+0
3.340000E+1	1.870373E+0
3.360000E+1	1.846217E+0
3.380000E+1	1.913601E+0
3.400000E+1	1.957737E+0
3.420000E+1	1.908872E+0
3.440000E+1	1.789794E+0
3.460000E+1	1.790146E+0
3.480000E+1	1.776617E+0
3.500000E+1	1.750271E+0
3.520000E+1	1.759231E+0
3.540000E+1	1.782818E+0
3.560000E+1	1.775401E+0
3.580000E+1	1.838582E+0
3.600000E+1	1.801895E+0
3.620000E+1	1.864066E+0
3.640000E+1	1.816969E+0
3.660000E+1	1.786378E+0
3.680000E+1	1.737130E+0
3.700000E+1	1.732449E+0
3.720000E+1	1.732147E+0
3.740000E+1	1.708085E+0
3.760000E+1	1.657630E+0
3.780000E+1	1.659251E+0
3.800000E+1	1.609656E+0
3.820000E+1	1.595623E+0
3.840000E+1	1.612917E+0
3.860000E+1	1.557850E+0
3.880000E+1	1.550318E+0
3.900000E+1	1.590322E+0
3.920000E+1	1.508698E+0
3.940000E+1	1.528443E+0
3.960000E+1	1.520134E+0
3.980000E+1	1.537654E+0
