0.000000E+0	-3.089611E-1
2.000000E-1	-5.820534E-1
4.000000E-1	-5.442312E-1
6.000000E-1	-4.528436E-1
8.000000E-1	-4.096003E-1
1.000000E+0	-4.017179E-1
1.200000E+0	2.377686E-2
1.400000E+0	7.694002E-2
1.600000E+0	-9.290508E-2
1.800000E+0	-1.670966E-1
2.000000E+0	1.057348E-2
2.200000E+0	7.257271E-2
2.400000E+0	3.161436E-1
2.600000E+0	3.238816E-1
2.800000E+0	-2.128520E-1
3.000000E+0	-2.177630E-1
3.200000E+0	-1.094947E-1
3.400000E+0	-2.496783E-1
3.600000E+0	-2.714817E-1
3.800000E+0	-4.175466E-2
4.000000E+0	1.025214E-1
4.200000E+0	-5.407891E-1
4.400000E+0	-7.274660E-1
4.600000E+0	-8.893662E-1
4.800000E+0	-5.300249E-1
5.000000E+0	8.320075E-1
5.200000E+0	2.818298E+0
5.400000E+0	4.143797E+0
5.600000E+0	4.576764E+0
5.800000E+0	4.469040E+0
6.000000E+0	4.238550E+0
6.200000E+0	3.908938E+0
6.400000E+0	3.067431E+0
6.600000E+0	2.187943E+0
6.800000E+0	1.862841E+0
7.000000E+0	1.895009E+0
7.200000E+0	1.571456E+0
7.400000E+0	1.595563E+0
7.600000E+0	1.935726E+0
7.800000E+0	1.551204E+0
8.000000E+0	9.497042E-1
8.200000E+0	5.031375E-1
8.400000E+0	8.032249E-1
8.600000E+0	8.728282E-1
8.800000E+0	3.050684E-1
9.000000E+0	4.092670E-1
9.200000E+0	2.515018E-1
9.400000E+0	1.565548E-2
9.600000E+0	2.431750E-2
9.800000E+0	2.967122E-1
1.000000E+1	5.492779E-1
1.020000E+1	6.592352E-1
1.040000E+1	6.979581E-1
1.060000E+1	1.874585E-1
1.080000E+1	1.327927E-1
1.100000E+1	3.094102E-1
1.120000E+1	4.770188E-1
1.140000E+1	2.398260E-1
1.160000E+1	8.247270E-2
1.180000E+1	3.194988E-1
1.200000E+1	4.634936E-1
1.220000E+1	4.936139E-1
1.240000E+1	3.008120E-1
1.260000E+1	6.889745E-1
1.280000E+1	3.483074E-1
1.300000E+1	3.231520E-1
1.320000E+1	-6.545770E-3
1.340000E+1	3.152919E-1
1.360000E+1	3.524147E-1
1.380000E+1	2.537935E-1
1.400000E+1	4.906710E-1
1.420000E+1	7.478136E-1
1.440000E+1	6.136248E-1
1.460000E+1	-1.513277E-1
1.480000E+1	1.989346E-1
1.500000E+1	5.485152E-1
1.520000E+1	4.714331E-1
1.540000E+1	1.248803E-3
1.560000E+1	3.299265E-1
1.580000E+1	3.020820E-1
1.600000E+1	4.233478E-1
1.620000E+1	3.976037E-1
1.640000E+1	-4.661246E-2
1.660000E+1	5.038620E-2
1.680000E+1	-4.046422E-2
1.700000E+1	3.694384E-1
1.720000E+1	1.483556E-1
1.740000E+1	1.209311E-1
1.760000E+1	2.907911E-1
1.780000E+1	3.134925E-1
1.800000E+1	2.610032E-1
1.820000E+1	-3.254993E-1
1.840000E+1	2.269061E-2
1.860000E+1	7.738323E-1
1.880000E+1	5.292903E-1
1.900000E+1	-1.642040E-1
1.920000E+1	-9.812549E-2
1.940000E+1	2.921531E-1
1.960000E+1	3.424644E-1
1.980000E+1	-2.930075E-1
2.000000E+1	-2.197390E-1
2.020000E+1	-1.658042E-1
2.040000E+1	1.706434E-1
2.060000E+1	-1.155097E-1
2.080000E+1	-2.609456E-2
2.100000E+1	5.561178E-2
2.120000E+1	1.514918E-1
2.140000E+1	6.936811E-1
2.160000E+1	2.317278E-1
2.180000E+1	2.583063E-1
2.200000E+1	5.045529E-1
2.220000E+1	4.507634E-1
2.240000E+1	-1.074934E-1
2.260000E+1	1.597998E-1
2.280000E+1	-1.744992E-1
2.300000E+1	-2.388571E-1
2.320000E+1	-4.293309E-1
2.340000E+1	-2.401124E-1
2.360000E+1	-8.966947E-2
2.380000E+1	2.263948E-1
2.400000E+1	5.633668E-1
2.420000E+1	5.643826E-1
2.440000E+1	3.418313E-1
2.460000E+1	2.438520E-1
2.480000E+1	5.060095E-1
2.500000E+1	9.298740E-2
2.520000E+1	2.027870E-1
2.540000E+1	1.778093E-1
2.560000E+1	-3.747371E-3
2.580000E+1	-1.171000E-1
2.600000E+1	1.639494E-1
2.620000E+1	1.205139E-1
2.640000E+1	4.028631E-4
2.660000E+1	-2.159189E-2
2.680000E+1	-2.418462E-1
2.700000E+1	-1.219243E-1
2.720000E+1	-9.546309E-2
2.740000E+1	-1.855921E-1
2.760000E+1	3.107683E-1
2.780000E+1	7.150934E-1
2.800000E+1	8.166878E-1
2.820000E+1	7.538973E-1
2.840000E+1	3.848787E-1
2.860000E+1	4.479935E-1
2.880000E+1	5.115321E-1
2.900000E+1	1.572260E-1
2.920000E+1	-2.989753E-1
2.940000E+1	5.662397E-1
2.960000E+1	8.472165E-1
2.980000E+1	8.033552E-1
3.000000E+1	2.766547E-1
3.020000E+1	3.808461E-1
3.040000E+1	5.727563E-1
3.060000E+1	3.544122E-1
3.080000E+1	9.284359E-2
3.100000E+1	6.242305E-1
3.120000E+1	6.596546E-1
3.140000E+1	5.664296E-1
3.160000E+1	9.218282E-1
3.180000E+1	6.432705E-1
3.200000E+1	4.934544E-1
3.220000E+1	7.730634E-1
3.240000E+1	1.335415E+0
3.260000E+1	7.482349E-1
3.280000E+1	4.680696E-1
3.300000E+1	3.402119E-1
3.320000E+1	5.280919E-1
3.340000E+1	4.300358E-1
3.360000E+1	2.726059E-1
3.380000E+1	1.482509E-1
3.400000E+1	4.080637E-1
3.420000E+1	4.830612E-1
3.440000E+1	3.283854E-1
3.460000E+1	3.628006E-1
3.480000E+1	3.257455E-1
3.500000E+1	1.104698E-1
3.520000E+1	1.990103E-1
3.540000E+1	2.154854E-1
3.560000E+1	3.248479E-1
3.580000E+1	3.722234E-1
3.600000E+1	2.990034E-1
3.620000E+1	3.844507E-1
3.640000E+1	4.531814E-1
3.660000E+1	2.320542E-1
3.680000E+1	5.871673E-1
3.700000E+1	6.398639E-1
3.720000E+1	3.512773E-1
3.740000E+1	4.366365E-1
3.760000E+1	2.980033E-1
3.780000E+1	3.009591E-1
3.800000E+1	5.025657E-1
3.820000E+1	3.808162E-1
3.840000E+1	3.823618E-2
3.860000E+1	4.162837E-2
3.880000E+1	2.477751E-1
3.900000E+1	5.951545E-1
3.920000E+1	7.754063E-1
3.940000E+1	4.878827E-1
3.960000E+1	3.613646E-1
3.980000E+1	4.046421E-1
