0.000000E+0	4.528249E-2
2.000000E-1	-1.414764E-3
4.000000E-1	-5.990122E-3
6.000000E-1	-5.606760E-2
8.000000E-1	-4.354226E-2
1.000000E+0	-5.103617E-2
1.200000E+0	-1.096366E-1
1.400000E+0	-1.017070E-1
1.600000E+0	-6.599544E-2
1.800000E+0	8.046647E-2
2.000000E+0	1.375799E-1
2.200000E+0	7.960953E-2
2.400000E+0	6.052635E-2
2.600000E+0	6.832007E-2
2.800000E+0	-1.489159E-2
3.000000E+0	-1.072444E-1
3.200000E+0	-1.160370E-1
3.400000E+0	-6.546446E-2
3.600000E+0	1.253485E-2
3.800000E+0	2.440234E-2
4.000000E+0	7.022875E-2
4.200000E+0	6.762515E-2
4.400000E+0	1.098400E-1
4.600000E+0	5.290936E-2
4.800000E+0	9.803032E-2
5.000000E+0	5.445450E-2
5.200000E+0	9.877554E-2
5.400000E+0	1.870338E-1
5.600000E+0	3.079553E-1
5.800000E+0	3.390180E-1
6.000000E+0	3.014091E-1
6.200000E+0	2.416362E-1
6.400000E+0	2.164096E-1
6.600000E+0	2.865330E-1
6.800000E+0	3.983801E-1
7.000000E+0	4.654931E-1
7.200000E+0	4.366272E-1
7.400000E+0	4.243483E-1
7.600000E+0	4.368605E-1
7.800000E+0	4.417086E-1
8.000000E+0	3.592329E-1
8.200000E+0	3.240271E-1
8.400000E+0	2.045780E-1
8.600000E+0	2.089288E-1
8.800000E+0	2.954521E-1
9.000000E+0	3.659091E-1
9.200000E+0	5.328581E-1
9.400000E+0	9.178248E-1
9.600000E+0	1.213828E+0
9.800000E+0	1.234363E+0
1.000000E+1	1.079703E+0
1.020000E+1	9.721630E-1
1.040000E+1	9.862470E-1
1.060000E+1	9.427276E-1
1.080000E+1	8.818015E-1
1.100000E+1	8.891583E-1
1.120000E+1	8.374469E-1
1.140000E+1	8.429490E-1
1.160000E+1	8.402248E-1
1.180000E+1	8.045598E-1
1.200000E+1	8.244667E-1
1.220000E+1	8.144155E-1
1.240000E+1	8.958576E-1
1.260000E+1	9.440089E-1
1.280000E+1	1.116298E+0
1.300000E+1	1.292060E+0
1.320000E+1	1.486614E+0
1.340000E+1	1.570998E+0
1.360000E+1	1.385565E+0
1.380000E+1	1.538388E+0
1.400000E+1	1.709487E+0
1.420000E+1	1.951190E+0
1.440000E+1	2.031044E+0
1.460000E+1	2.097726E+0
1.480000E+1	2.198363E+0
1.500000E+1	2.185845E+0
1.520000E+1	2.019297E+0
1.540000E+1	1.711047E+0
1.560000E+1	1.524987E+0
1.580000E+1	1.306934E+0
1.600000E+1	1.202328E+0
1.620000E+1	1.032446E+0
1.640000E+1	9.200364E-1
1.660000E+1	7.229835E-1
1.680000E+1	6.316349E-1
1.700000E+1	5.174590E-1
1.720000E+1	5.405832E-1
1.740000E+1	5.140233E-1
1.760000E+1	5.260922E-1
1.780000E+1	5.187591E-1
1.800000E+1	5.036092E-1
1.820000E+1	4.631874E-1
1.840000E+1	4.648605E-1
1.860000E+1	4.259915E-1
1.880000E+1	3.457124E-1
1.900000E+1	2.780343E-1
1.920000E+1	2.019263E-1
1.940000E+1	2.477226E-1
1.960000E+1	2.952075E-1
1.980000E+1	3.712052E-1
2.000000E+1	3.423843E-1
2.020000E+1	1.607891E-1
2.040000E+1	8.263488E-2
2.060000E+1	-1.079329E-2
2.080000E+1	5.252304E-2
2.100000E+1	1.394607E-1
2.120000E+1	1.688923E-1
2.140000E+1	1.544792E-1
2.160000E+1	3.769907E-2
2.180000E+1	7.337928E-2
2.200000E+1	5.370426E-2
2.220000E+1	4.498302E-2
2.240000E+1	5.230072E-2
2.260000E+1	-7.042185E-3
2.280000E+1	-1.182196E-2
2.300000E+1	3.994494E-2
2.320000E+1	4.695123E-2
2.340000E+1	8.844901E-2
2.360000E+1	7.984219E-2
2.380000E+1	1.353230E-1
2.400000E+1	1.298705E-1
2.420000E+1	1.661832E-1
2.440000E+1	1.852457E-1
2.460000E+1	2.446635E-1
2.480000E+1	1.983139E-1
2.500000E+1	2.074908E-1
2.520000E+1	1.194601E-1
2.540000E+1	1.162714E-1
2.560000E+1	2.016760E-1
2.580000E+1	3.523374E-1
2.600000E+1	3.070613E-1
2.620000E+1	2.919350E-1
2.640000E+1	2.456520E-1
2.660000E+1	2.454024E-1
2.680000E+1	1.997818E-1
2.700000E+1	1.863577E-1
2.720000E+1	2.220998E-1
2.740000E+1	2.465790E-1
2.760000E+1	1.470766E-1
2.780000E+1	1.793661E-1
2.800000E+1	2.220874E-1
2.820000E+1	2.942589E-1
2.840000E+1	2.863767E-1
2.860000E+1	2.785565E-1
2.880000E+1	1.464036E-1
2.900000E+1	1.016166E-1
2.920000E+1	5.057008E-2
2.940000E+1	5.491199E-2
2.960000E+1	8.576544E-2
2.980000E+1	1.367883E-1
3.000000E+1	1.895209E-1
3.020000E+1	1.399570E-1
3.040000E+1	2.273557E-2
3.060000E+1	5.045585E-2
3.080000E+1	1.031866E-1
3.100000E+1	9.897479E-2
3.120000E+1	1.413605E-1
3.140000E+1	4.846857E-2
3.160000E+1	2.542763E-2
3.180000E+1	1.630254E-2
3.200000E+1	1.750946E-2
3.220000E+1	-2.415153E-2
3.240000E+1	3.211557E-2
3.260000E+1	5.444629E-2
3.280000E+1	1.290296E-1
3.300000E+1	1.138142E-1
3.320000E+1	1.348903E-1
3.340000E+1	1.251886E-1
3.360000E+1	1.293302E-1
3.380000E+1	2.645931E-2
3.400000E+1	3.396186E-2
3.420000E+1	6.322157E-2
3.440000E+1	1.903676E-1
3.460000E+1	2.001887E-1
3.480000E+1	1.621767E-1
3.500000E+1	1.411788E-1
3.520000E+1	9.824203E-2
3.540000E+1	5.880535E-2
3.560000E+1	2.953750E-2
3.580000E+1	9.383661E-2
3.600000E+1	1.003961E-1
3.620000E+1	1.717529E-1
3.640000E+1	1.013846E-1
3.660000E+1	2.223748E-1
3.680000E+1	1.706881E-1
3.700000E+1	1.113142E-1
3.720000E+1	1.069167E-1
3.740000E+1	1.335891E-1
3.760000E+1	1.833242E-2
3.780000E+1	2.788177E-2
3.800000E+1	6.258097E-2
3.820000E+1	1.612108E-1
3.840000E+1	2.322480E-1
3.860000E+1	1.366214E-1
3.880000E+1	1.212161E-1
3.900000E+1	3.549477E-2
3.920000E+1	2.039835E-1
3.940000E+1	2.381311E-1
3.960000E+1	2.800733E-1
3.980000E+1	2.412947E-1
