0.000000E+0	4.004861E-1
2.000000E-1	3.083258E-1
4.000000E-1	3.130226E-1
6.000000E-1	1.549291E-1
8.000000E-1	4.196143E-2
1.000000E+0	-1.059263E-2
1.200000E+0	-6.906459E-3
1.400000E+0	5.375864E-2
1.600000E+0	1.123942E-1
1.800000E+0	1.848325E-1
2.000000E+0	1.896399E-1
2.200000E+0	1.385016E-1
2.400000E+0	3.726471E-2
2.600000E+0	-4.192257E-2
2.800000E+0	-5.994378E-2
3.000000E+0	-3.790737E-2
3.200000E+0	2.195016E-2
3.400000E+0	2.504933E-2
3.600000E+0	2.997219E-3
3.800000E+0	4.649176E-3
4.000000E+0	3.065766E-2
4.200000E+0	1.720548E-2
4.400000E+0	-5.022299E-2
4.600000E+0	2.146278E-3
4.800000E+0	-2.260337E-3
5.000000E+0	1.083750E-1
5.200000E+0	2.891063E-1
5.400000E+0	4.896035E-1
5.600000E+0	6.184685E-1
5.800000E+0	7.583160E-1
6.000000E+0	8.761978E-1
6.200000E+0	9.691508E-1
6.400000E+0	1.109841E+0
6.600000E+0	1.437366E+0
6.800000E+0	1.657495E+0
7.000000E+0	1.804781E+0
7.200000E+0	1.839715E+0
7.400000E+0	2.074693E+0
7.600000E+0	2.284870E+0
7.800000E+0	2.467593E+0
8.000000E+0	2.482808E+0
8.200000E+0	2.494055E+0
8.400000E+0	2.465499E+0
8.600000E+0	2.524789E+0
8.800000E+0	2.539351E+0
9.000000E+0	2.431015E+0
9.200000E+0	2.421053E+0
9.400000E+0	2.507955E+0
9.600000E+0	2.646926E+0
9.800000E+0	2.769100E+0
1.000000E+1	2.893857E+0
1.020000E+1	2.902148E+0
1.040000E+1	2.900739E+0
1.060000E+1	2.875243E+0
1.080000E+1	2.997859E+0
1.100000E+1	3.006831E+0
1.120000E+1	2.968806E+0
1.140000E+1	2.867953E+0
1.160000E+1	2.803542E+0
1.180000E+1	2.661111E+0
1.200000E+1	2.644591E+0
1.220000E+1	2.760475E+0
1.240000E+1	3.047227E+0
1.260000E+1	3.350867E+0
1.280000E+1	3.969179E+0
1.300000E+1	4.556008E+0
1.320000E+1	5.162105E+0
1.340000E+1	5.573535E+0
1.360000E+1	5.865944E+0
1.380000E+1	5.906250E+0
1.400000E+1	5.861715E+0
1.420000E+1	5.699135E+0
1.440000E+1	5.836745E+0
1.460000E+1	5.922090E+0
1.480000E+1	5.836498E+0
1.500000E+1	5.544736E+0
1.520000E+1	5.155858E+0
1.540000E+1	4.781311E+0
1.560000E+1	4.280243E+0
1.580000E+1	3.880407E+0
1.600000E+1	3.619798E+0
1.620000E+1	3.280311E+0
1.640000E+1	3.017027E+0
1.660000E+1	2.694571E+0
1.680000E+1	2.505646E+0
1.700000E+1	2.329761E+0
1.720000E+1	2.168800E+0
1.740000E+1	1.991212E+0
1.760000E+1	1.848619E+0
1.780000E+1	1.775435E+0
1.800000E+1	1.632150E+0
1.820000E+1	1.583315E+0
1.840000E+1	1.478155E+0
1.860000E+1	1.372140E+0
1.880000E+1	1.245221E+0
1.900000E+1	1.162440E+0
1.920000E+1	1.129052E+0
1.940000E+1	1.129961E+0
1.960000E+1	1.240190E+0
1.980000E+1	1.237853E+0
2.000000E+1	1.203637E+0
2.020000E+1	1.054113E+0
2.040000E+1	1.057331E+0
2.060000E+1	9.462332E-1
2.080000E+1	9.360525E-1
2.100000E+1	9.203414E-1
2.120000E+1	9.320250E-1
2.140000E+1	8.767024E-1
2.160000E+1	8.948243E-1
2.180000E+1	8.115792E-1
2.200000E+1	8.166681E-1
2.220000E+1	7.610316E-1
2.240000E+1	7.419229E-1
2.260000E+1	6.435481E-1
2.280000E+1	7.117263E-1
2.300000E+1	7.921861E-1
2.320000E+1	8.383187E-1
2.340000E+1	7.759466E-1
2.360000E+1	6.205886E-1
2.380000E+1	6.429095E-1
2.400000E+1	5.853747E-1
2.420000E+1	7.638400E-1
2.440000E+1	7.883606E-1
2.460000E+1	7.462150E-1
2.480000E+1	6.787655E-1
2.500000E+1	6.627337E-1
2.520000E+1	6.267003E-1
2.540000E+1	7.188322E-1
2.560000E+1	7.255129E-1
2.580000E+1	7.633106E-1
2.600000E+1	6.902753E-1
2.620000E+1	7.003018E-1
2.640000E+1	7.194661E-1
2.660000E+1	8.053307E-1
2.680000E+1	7.571846E-1
2.700000E+1	7.429626E-1
2.720000E+1	6.662418E-1
2.740000E+1	6.597509E-1
2.760000E+1	5.639154E-1
2.780000E+1	6.652657E-1
2.800000E+1	6.654022E-1
2.820000E+1	6.915261E-1
2.840000E+1	6.093819E-1
2.860000E+1	6.713374E-1
2.880000E+1	7.040919E-1
2.900000E+1	7.726296E-1
2.920000E+1	8.392825E-1
2.940000E+1	8.633321E-1
2.960000E+1	8.883255E-1
2.980000E+1	8.999561E-1
3.000000E+1	8.128536E-1
3.020000E+1	7.942001E-1
3.040000E+1	6.737575E-1
3.060000E+1	6.999095E-1
3.080000E+1	6.869903E-1
3.100000E+1	7.523862E-1
3.120000E+1	6.807438E-1
3.140000E+1	6.531617E-1
3.160000E+1	6.305107E-1
3.180000E+1	6.381319E-1
3.200000E+1	6.848179E-1
3.220000E+1	6.383553E-1
3.240000E+1	7.405611E-1
3.260000E+1	7.284708E-1
3.280000E+1	7.354756E-1
3.300000E+1	7.055652E-1
3.320000E+1	6.528945E-1
3.340000E+1	6.224987E-1
3.360000E+1	6.399535E-1
3.380000E+1	6.928143E-1
3.400000E+1	8.308698E-1
3.420000E+1	8.166451E-1
3.440000E+1	8.212551E-1
3.460000E+1	7.708050E-1
3.480000E+1	7.928790E-1
3.500000E+1	7.782051E-1
3.520000E+1	7.815149E-1
3.540000E+1	7.592219E-1
3.560000E+1	7.737732E-1
3.580000E+1	7.356171E-1
3.600000E+1	7.699885E-1
3.620000E+1	7.896570E-1
3.640000E+1	8.394660E-1
3.660000E+1	8.666938E-1
3.680000E+1	8.233444E-1
3.700000E+1	7.722705E-1
3.720000E+1	6.808290E-1
3.740000E+1	6.625781E-1
3.760000E+1	6.507064E-1
3.780000E+1	6.988464E-1
3.800000E+1	7.650731E-1
3.820000E+1	7.874239E-1
3.840000E+1	7.794723E-1
3.860000E+1	7.414253E-1
3.880000E+1	7.139087E-1
3.900000E+1	7.321057E-1
3.920000E+1	7.255325E-1
3.940000E+1	8.048683E-1
3.960000E+1	7.286163E-1
3.980000E+1	7.354750E-1
