0.000000E+0	1.226459E-2
2.000000E-1	9.157679E-2
4.000000E-1	1.164766E-1
6.000000E-1	1.220085E-1
8.000000E-1	1.223833E-1
1.000000E+0	1.460343E-2
1.200000E+0	4.023195E-2
1.400000E+0	-3.159882E-2
1.600000E+0	2.058686E-2
1.800000E+0	3.670477E-2
2.000000E+0	5.351077E-2
2.200000E+0	2.154212E-2
2.400000E+0	-7.736306E-2
2.600000E+0	-3.641820E-2
2.800000E+0	-2.180995E-2
3.000000E+0	-5.386458E-3
3.200000E+0	1.081055E-2
3.400000E+0	7.263874E-2
3.600000E+0	1.165635E-1
3.800000E+0	7.487695E-2
4.000000E+0	8.928223E-2
4.200000E+0	4.654324E-2
4.400000E+0	4.808808E-2
4.600000E+0	9.922830E-2
4.800000E+0	1.247747E-1
5.000000E+0	1.975860E-1
5.200000E+0	1.962515E-1
5.400000E+0	2.578648E-1
5.600000E+0	3.999198E-1
5.800000E+0	5.775847E-1
6.000000E+0	7.454007E-1
6.200000E+0	9.138971E-1
6.400000E+0	1.062739E+0
6.600000E+0	1.340754E+0
6.800000E+0	1.610048E+0
7.000000E+0	1.947467E+0
7.200000E+0	2.043881E+0
7.400000E+0	1.978654E+0
7.600000E+0	1.909657E+0
7.800000E+0	1.774348E+0
8.000000E+0	1.758675E+0
8.200000E+0	1.697894E+0
8.400000E+0	1.789681E+0
8.600000E+0	1.830283E+0
8.800000E+0	1.866190E+0
9.000000E+0	1.780126E+0
9.200000E+0	1.685478E+0
9.400000E+0	1.588137E+0
9.600000E+0	1.569170E+0
9.800000E+0	1.418882E+0
1.000000E+1	1.413127E+0
1.020000E+1	1.645523E+0
1.040000E+1	2.327119E+0
1.060000E+1	3.177607E+0
1.080000E+1	4.218822E+0
1.100000E+1	5.040731E+0
1.120000E+1	5.648975E+0
1.140000E+1	5.857939E+0
1.160000E+1	6.208554E+0
1.180000E+1	6.855574E+0
1.200000E+1	7.570130E+0
1.220000E+1	7.840686E+0
1.240000E+1	7.833453E+0
1.260000E+1	8.017201E+0
1.280000E+1	8.389376E+0
1.300000E+1	8.884521E+0
1.320000E+1	9.055143E+0
1.340000E+1	8.851453E+0
1.360000E+1	8.426976E+0
1.380000E+1	7.828584E+0
1.400000E+1	7.239587E+0
1.420000E+1	6.617489E+0
1.440000E+1	6.197558E+0
1.460000E+1	6.013749E+0
1.480000E+1	6.435924E+0
1.500000E+1	6.810199E+0
1.520000E+1	6.894518E+0
1.540000E+1	6.496082E+0
1.560000E+1	6.023180E+0
1.580000E+1	5.488896E+0
1.600000E+1	4.986614E+0
1.620000E+1	4.441473E+0
1.640000E+1	4.024014E+0
1.660000E+1	3.632495E+0
1.680000E+1	3.285322E+0
1.700000E+1	3.020467E+0
1.720000E+1	2.860330E+0
1.740000E+1	2.771125E+0
1.760000E+1	2.547335E+0
1.780000E+1	2.347309E+0
1.800000E+1	2.130649E+0
1.820000E+1	1.985167E+0
1.840000E+1	1.809450E+0
1.860000E+1	1.748360E+0
1.880000E+1	1.671449E+0
1.900000E+1	1.593811E+0
1.920000E+1	1.524121E+0
1.940000E+1	1.451847E+0
1.960000E+1	1.380587E+0
1.980000E+1	1.291910E+0
2.000000E+1	1.211731E+0
2.020000E+1	1.179864E+0
2.040000E+1	1.119823E+0
2.060000E+1	1.095447E+0
2.080000E+1	1.123225E+0
2.100000E+1	1.180485E+0
2.120000E+1	1.084681E+0
2.140000E+1	1.048933E+0
2.160000E+1	9.824862E-1
2.180000E+1	1.063322E+0
2.200000E+1	9.581135E-1
2.220000E+1	9.466352E-1
2.240000E+1	9.170567E-1
2.260000E+1	8.925645E-1
2.280000E+1	9.127223E-1
2.300000E+1	8.420602E-1
2.320000E+1	9.565392E-1
2.340000E+1	8.411070E-1
2.360000E+1	9.033430E-1
2.380000E+1	9.158703E-1
2.400000E+1	9.138388E-1
2.420000E+1	9.243872E-1
2.440000E+1	9.811736E-1
2.460000E+1	9.543009E-1
2.480000E+1	9.144103E-1
2.500000E+1	8.649394E-1
2.520000E+1	9.775142E-1
2.540000E+1	9.836518E-1
2.560000E+1	9.473593E-1
2.580000E+1	9.092787E-1
2.600000E+1	8.722991E-1
2.620000E+1	9.137405E-1
2.640000E+1	8.666470E-1
2.660000E+1	8.057527E-1
2.680000E+1	8.011244E-1
2.700000E+1	7.934883E-1
2.720000E+1	8.811689E-1
2.740000E+1	9.537227E-1
2.760000E+1	9.842890E-1
2.780000E+1	9.905077E-1
2.800000E+1	9.491998E-1
2.820000E+1	9.346182E-1
2.840000E+1	7.828646E-1
2.860000E+1	7.723770E-1
2.880000E+1	7.654414E-1
2.900000E+1	8.399147E-1
2.920000E+1	8.411891E-1
2.940000E+1	8.745445E-1
2.960000E+1	9.394440E-1
2.980000E+1	9.166820E-1
3.000000E+1	9.063607E-1
3.020000E+1	9.143885E-1
3.040000E+1	9.117621E-1
3.060000E+1	9.896942E-1
3.080000E+1	9.309127E-1
3.100000E+1	9.747188E-1
3.120000E+1	9.123244E-1
3.140000E+1	8.940222E-1
3.160000E+1	8.751570E-1
3.180000E+1	8.613809E-1
3.200000E+1	8.320527E-1
3.220000E+1	8.522398E-1
3.240000E+1	7.988690E-1
3.260000E+1	8.606494E-1
3.280000E+1	7.118686E-1
3.300000E+1	6.964298E-1
3.320000E+1	6.320156E-1
3.340000E+1	7.336551E-1
3.360000E+1	6.977518E-1
3.380000E+1	7.494845E-1
3.400000E+1	7.149336E-1
3.420000E+1	7.172950E-1
3.440000E+1	6.962672E-1
3.460000E+1	7.573829E-1
3.480000E+1	8.178375E-1
3.500000E+1	8.917760E-1
3.520000E+1	9.207401E-1
3.540000E+1	9.637253E-1
3.560000E+1	8.912793E-1
3.580000E+1	8.607207E-1
3.600000E+1	7.855364E-1
3.620000E+1	8.204719E-1
3.640000E+1	8.216522E-1
3.660000E+1	8.948616E-1
3.680000E+1	9.223526E-1
3.700000E+1	9.203415E-1
3.720000E+1	8.938686E-1
3.740000E+1	7.817236E-1
3.760000E+1	7.398954E-1
3.780000E+1	7.187398E-1
3.800000E+1	7.883577E-1
3.820000E+1	8.110473E-1
3.840000E+1	8.028748E-1
3.860000E+1	7.655603E-1
3.880000E+1	7.819404E-1
3.900000E+1	7.819135E-1
3.920000E+1	8.014911E-1
3.940000E+1	7.588194E-1
3.960000E+1	6.884013E-1
3.980000E+1	6.415318E-1
