0.000000E+0	3.319819E-1
2.000000E-1	2.720259E-1
4.000000E-1	2.699467E-1
6.000000E-1	1.311760E-1
8.000000E-1	-1.508191E-2
1.000000E+0	-3.749383E-2
1.200000E+0	1.402320E-1
1.400000E+0	1.221364E-1
1.600000E+0	7.926947E-2
1.800000E+0	-1.077932E-1
2.000000E+0	3.749311E-2
2.200000E+0	1.082356E-1
2.400000E+0	6.203587E-2
2.600000E+0	2.641426E-1
2.800000E+0	-3.707500E-2
3.000000E+0	-2.423972E-2
3.200000E+0	-1.482501E-1
3.400000E+0	-2.338187E-1
3.600000E+0	-3.006233E-1
3.800000E+0	-2.758845E-1
4.000000E+0	-1.764701E-1
4.200000E+0	-9.327211E-2
4.400000E+0	5.649972E-2
4.600000E+0	3.074101E-1
4.800000E+0	4.131176E-1
5.000000E+0	5.259505E-1
5.200000E+0	5.865395E-1
5.400000E+0	4.515693E-1
5.600000E+0	2.413938E-1
5.800000E+0	3.596992E-1
6.000000E+0	5.628472E-1
6.200000E+0	6.678514E-1
6.400000E+0	5.193878E-1
6.600000E+0	2.805276E-1
6.800000E+0	1.896301E-1
7.000000E+0	3.395338E-1
7.200000E+0	5.666935E-1
7.400000E+0	6.662383E-1
7.600000E+0	6.555594E-1
7.800000E+0	7.353244E-1
8.000000E+0	5.976472E-1
8.200000E+0	6.869666E-1
8.400000E+0	4.359364E-1
8.600000E+0	6.425786E-1
8.800000E+0	6.430548E-1
9.000000E+0	8.085185E-1
9.200000E+0	4.986734E-1
9.400000E+0	2.303552E-1
9.600000E+0	2.125440E-1
9.800000E+0	2.935264E-1
1.000000E+1	7.600135E-1
1.020000E+1	8.804066E-1
1.040000E+1	6.822735E-1
1.060000E+1	3.978668E-1
1.080000E+1	4.510332E-1
1.100000E+1	7.530172E-1
1.120000E+1	8.219947E-1
1.140000E+1	7.871829E-1
1.160000E+1	4.072242E-1
1.180000E+1	5.039423E-1
1.200000E+1	5.456838E-1
1.220000E+1	3.885131E-1
1.240000E+1	9.946291E-2
1.260000E+1	-5.951003E-2
1.280000E+1	-1.315970E-1
1.300000E+1	-5.565813E-2
1.320000E+1	-3.052984E-1
1.340000E+1	-5.347693E-1
1.360000E+1	-3.213841E-1
1.380000E+1	-1.388815E-1
1.400000E+1	1.302384E-1
1.420000E+1	-5.308507E-2
1.440000E+1	-2.782790E-1
1.460000E+1	-2.817921E-1
1.480000E+1	-1.795487E-1
1.500000E+1	-4.370446E-2
1.520000E+1	-3.298564E-1
1.540000E+1	-5.620387E-1
1.560000E+1	-8.229720E-1
1.580000E+1	-8.586068E-1
1.600000E+1	-8.198366E-1
1.620000E+1	-7.708735E-1
1.640000E+1	-1.228731E+0
1.660000E+1	-1.494358E+0
1.680000E+1	-1.466173E+0
1.700000E+1	-1.288682E+0
1.720000E+1	-1.215501E+0
1.740000E+1	-1.254320E+0
1.760000E+1	-1.265974E+0
1.780000E+1	-1.163744E+0
1.800000E+1	-1.110755E+0
1.820000E+1	-1.098040E+0
1.840000E+1	-1.226903E+0
1.860000E+1	-1.507343E+0
1.880000E+1	-1.225824E+0
1.900000E+1	-1.346790E+0
1.920000E+1	-1.213573E+0
1.940000E+1	-1.313387E+0
1.960000E+1	-1.169909E+0
1.980000E+1	-1.121098E+0
2.000000E+1	-9.213095E-1
2.020000E+1	-1.394864E+0
2.040000E+1	-1.665777E+0
2.060000E+1	-2.003765E+0
2.080000E+1	-1.729193E+0
2.100000E+1	-1.643613E+0
2.120000E+1	-1.766271E+0
2.140000E+1	-2.044494E+0
2.160000E+1	-2.162221E+0
2.180000E+1	-1.928831E+0
2.200000E+1	-1.865740E+0
2.220000E+1	-1.814172E+0
2.240000E+1	-1.868072E+0
2.260000E+1	-2.108190E+0
2.280000E+1	-2.101705E+0
2.300000E+1	-2.099185E+0
2.320000E+1	-1.585118E+0
2.340000E+1	-1.470057E+0
2.360000E+1	-1.684688E+0
2.380000E+1	-2.068949E+0
2.400000E+1	-2.059931E+0
2.420000E+1	-1.937785E+0
2.440000E+1	-1.963322E+0
2.460000E+1	-1.629681E+0
2.480000E+1	-1.726591E+0
2.500000E+1	-1.803164E+0
2.520000E+1	-1.956542E+0
2.540000E+1	-2.083402E+0
2.560000E+1	-2.042959E+0
2.580000E+1	-2.024012E+0
2.600000E+1	-2.041517E+0
2.620000E+1	-2.046849E+0
2.640000E+1	-1.922069E+0
2.660000E+1	-1.814211E+0
2.680000E+1	-2.035372E+0
2.700000E+1	-1.983859E+0
2.720000E+1	-1.961705E+0
2.740000E+1	-1.723005E+0
2.760000E+1	-1.550563E+0
2.780000E+1	-1.408118E+0
2.800000E+1	-1.346830E+0
2.820000E+1	-1.446842E+0
2.840000E+1	-1.614629E+0
2.860000E+1	-1.661466E+0
2.880000E+1	-1.713805E+0
2.900000E+1	-1.609435E+0
2.920000E+1	-1.904543E+0
2.940000E+1	-2.118347E+0
2.960000E+1	-2.178729E+0
2.980000E+1	-2.032359E+0
3.000000E+1	-1.789193E+0
3.020000E+1	-1.769818E+0
3.040000E+1	-1.586133E+0
3.060000E+1	-1.854344E+0
3.080000E+1	-1.730786E+0
3.100000E+1	-1.557690E+0
3.120000E+1	-1.430936E+0
3.140000E+1	-1.624378E+0
3.160000E+1	-1.656780E+0
3.180000E+1	-1.553179E+0
3.200000E+1	-1.427873E+0
3.220000E+1	-1.151584E+0
3.240000E+1	-1.351311E+0
3.260000E+1	-1.700740E+0
3.280000E+1	-1.731784E+0
3.300000E+1	-1.454376E+0
3.320000E+1	-1.156564E+0
3.340000E+1	-1.343384E+0
3.360000E+1	-1.281747E+0
3.380000E+1	-1.386306E+0
3.400000E+1	-1.465178E+0
3.420000E+1	-1.625917E+0
3.440000E+1	-1.797678E+0
3.460000E+1	-1.815485E+0
3.480000E+1	-1.689491E+0
3.500000E+1	-1.537801E+0
3.520000E+1	-1.504347E+0
3.540000E+1	-1.596751E+0
3.560000E+1	-1.551788E+0
3.580000E+1	-1.540617E+0
3.600000E+1	-1.526352E+0
3.620000E+1	-1.490522E+0
3.640000E+1	-1.440337E+0
3.660000E+1	-1.201984E+0
3.680000E+1	-9.578018E-1
3.700000E+1	-7.418413E-1
3.720000E+1	-9.546205E-1
3.740000E+1	-1.221327E+0
3.760000E+1	-1.639949E+0
3.780000E+1	-1.774821E+0
3.800000E+1	-1.582512E+0
3.820000E+1	-1.715122E+0
3.840000E+1	-1.602680E+0
3.860000E+1	-1.691506E+0
3.880000E+1	-1.287830E+0
3.900000E+1	-1.118974E+0
3.920000E+1	-7.693167E-1
3.940000E+1	-8.852024E-1
3.960000E+1	-1.125127E+0
3.980000E+1	-1.581086E+0
