0.000000E+0	-1.821778E-1
2.000000E-1	-6.483727E-2
4.000000E-1	7.555101E-2
6.000000E-1	3.211488E-1
8.000000E-1	3.532229E-1
1.000000E+0	4.768834E-1
1.200000E+0	3.204430E-1
1.400000E+0	1.618964E-1
1.600000E+0	1.352918E-1
1.800000E+0	3.129419E-2
2.000000E+0	1.320912E-1
2.200000E+0	1.125915E-1
2.400000E+0	9.385521E-2
2.600000E+0	-3.461078E-2
2.800000E+0	-4.576592E-2
3.000000E+0	-1.645531E-1
3.200000E+0	-1.153260E-1
3.400000E+0	-1.448681E-1
3.600000E+0	-4.244746E-1
3.800000E+0	-5.077340E-1
4.000000E+0	-4.179460E-1
4.200000E+0	-4.068352E-1
4.400000E+0	-2.768847E-1
4.600000E+0	1.551723E-1
4.800000E+0	4.496903E-1
5.000000E+0	4.609377E-1
5.200000E+0	4.011390E-2
5.400000E+0	-2.159655E-2
5.600000E+0	4.163943E-1
5.800000E+0	7.615607E-1
6.000000E+0	9.490705E-1
6.200000E+0	6.521499E-1
6.400000E+0	6.301554E-1
6.600000E+0	4.658492E-1
6.800000E+0	5.558478E-1
7.000000E+0	4.672041E-1
7.200000E+0	6.200229E-1
7.400000E+0	3.504707E-1
7.600000E+0	5.099002E-1
7.800000E+0	5.594932E-1
8.000000E+0	7.466056E-1
8.200000E+0	6.539315E-1
8.400000E+0	3.543980E-1
8.600000E+0	2.778342E-1
8.800000E+0	4.503193E-1
9.000000E+0	5.658599E-1
9.200000E+0	6.527072E-1
9.400000E+0	3.865827E-1
9.600000E+0	2.050543E-1
9.800000E+0	-1.785738E-2
1.000000E+1	-1.226661E-1
1.020000E+1	-1.322353E-1
1.040000E+1	-4.459671E-2
1.060000E+1	-1.433420E-1
1.080000E+1	1.401924E-1
1.100000E+1	4.373939E-1
1.120000E+1	6.931083E-1
1.140000E+1	8.197562E-1
1.160000E+1	8.146325E-1
1.180000E+1	7.120754E-1
1.200000E+1	5.465026E-1
1.220000E+1	3.943620E-1
1.240000E+1	2.903672E-1
1.260000E+1	1.769846E-1
1.280000E+1	1.214422E-1
1.300000E+1	1.245636E-1
1.320000E+1	3.670194E-1
1.340000E+1	2.480218E-1
1.360000E+1	1.248413E-1
1.380000E+1	8.201858E-2
1.400000E+1	2.349799E-1
1.420000E+1	4.199557E-1
1.440000E+1	4.933756E-1
1.460000E+1	2.015379E-1
1.480000E+1	-2.698923E-2
1.500000E+1	-2.426472E-1
1.520000E+1	-2.039435E-1
1.540000E+1	-9.687517E-2
1.560000E+1	3.077953E-1
1.580000E+1	5.826950E-1
1.600000E+1	6.283183E-1
1.620000E+1	4.216138E-1
1.640000E+1	1.321007E-1
1.660000E+1	-8.831138E-2
1.680000E+1	-8.637617E-3
1.700000E+1	-9.705724E-3
1.720000E+1	3.942117E-2
1.740000E+1	-7.752303E-2
1.760000E+1	-1.678792E-1
1.780000E+1	-5.738051E-2
1.800000E+1	-6.843328E-2
1.820000E+1	-1.045259E-1
1.840000E+1	-2.276886E-1
1.860000E+1	-1.728550E-1
1.880000E+1	-8.762376E-2
1.900000E+1	9.074578E-2
1.920000E+1	-4.154681E-2
1.940000E+1	8.124204E-2
1.960000E+1	1.243294E-1
1.980000E+1	-9.709249E-2
2.000000E+1	-6.110862E-2
2.020000E+1	-4.829165E-2
2.040000E+1	1.700239E-2
2.060000E+1	6.070436E-3
2.080000E+1	-2.211754E-1
2.100000E+1	-6.173793E-1
2.120000E+1	-7.392865E-1
2.140000E+1	-7.340153E-1
2.160000E+1	-8.010275E-1
2.180000E+1	-4.088486E-1
2.200000E+1	-1.106712E-1
2.220000E+1	1.249525E-1
2.240000E+1	1.081952E-1
2.260000E+1	2.221293E-1
2.280000E+1	2.858751E-1
2.300000E+1	2.541455E-1
2.320000E+1	9.435441E-2
2.340000E+1	-2.514176E-1
2.360000E+1	-4.313456E-1
2.380000E+1	-5.449800E-1
2.400000E+1	-3.677266E-1
2.420000E+1	-3.090249E-1
2.440000E+1	-3.780367E-1
2.460000E+1	-4.086791E-1
2.480000E+1	-3.809649E-1
2.500000E+1	-2.296700E-1
2.520000E+1	-6.176565E-3
2.540000E+1	1.010910E-1
2.560000E+1	-2.036007E-1
2.580000E+1	-6.023087E-1
2.600000E+1	-8.180562E-1
2.620000E+1	-7.185899E-1
2.640000E+1	-6.809076E-1
2.660000E+1	-4.238860E-1
2.680000E+1	-2.651762E-1
2.700000E+1	-1.662012E-1
2.720000E+1	-2.603201E-1
2.740000E+1	-4.211449E-1
2.760000E+1	-5.040298E-1
2.780000E+1	-5.640605E-1
2.800000E+1	-7.010239E-1
2.820000E+1	-5.482601E-1
2.840000E+1	-3.101543E-1
2.860000E+1	1.985352E-1
2.880000E+1	3.045725E-1
2.900000E+1	-5.717035E-3
2.920000E+1	-2.467632E-1
2.940000E+1	-3.047668E-1
2.960000E+1	-3.173640E-1
2.980000E+1	-3.285795E-1
3.000000E+1	-5.006519E-1
3.020000E+1	-5.894917E-1
3.040000E+1	-3.521573E-1
3.060000E+1	-1.213479E-1
3.080000E+1	8.567397E-3
3.100000E+1	8.122278E-2
3.120000E+1	-2.095903E-2
3.140000E+1	-2.890077E-1
3.160000E+1	-4.350996E-1
3.180000E+1	-3.578239E-1
3.200000E+1	-2.061460E-1
3.220000E+1	3.735085E-2
3.240000E+1	-1.429185E-1
3.260000E+1	-2.442101E-1
3.280000E+1	-3.135699E-1
3.300000E+1	-1.683751E-1
3.320000E+1	-1.904001E-1
3.340000E+1	-2.221680E-1
3.360000E+1	-4.997537E-1
3.380000E+1	-6.194210E-1
3.400000E+1	-5.079563E-1
3.420000E+1	-5.104328E-1
3.440000E+1	-5.567376E-1
3.460000E+1	-5.387004E-1
3.480000E+1	-6.917698E-1
3.500000E+1	-4.055305E-1
3.520000E+1	-4.268610E-1
3.540000E+1	-3.427737E-1
3.560000E+1	-5.447185E-1
3.580000E+1	-5.801122E-1
3.600000E+1	-5.386117E-1
3.620000E+1	-2.441703E-1
3.640000E+1	-1.396598E-2
3.660000E+1	-1.196486E-1
3.680000E+1	-4.069435E-1
3.700000E+1	-6.136094E-1
3.720000E+1	-6.836493E-1
3.740000E+1	-7.018753E-1
3.760000E+1	-5.767136E-1
3.780000E+1	-5.554429E-1
3.800000E+1	-4.120173E-1
3.820000E+1	-3.863434E-1
3.840000E+1	-3.832437E-1
3.860000E+1	-4.001466E-1
3.880000E+1	-1.342911E-1
3.900000E+1	-1.164810E-1
3.920000E+1	-1.260272E-1
3.940000E+1	-3.593386E-1
3.960000E+1	-3.525790E-1
3.980000E+1	-4.443999E-1
