0.000000E+0	1.191412E-1
2.000000E-1	1.124027E-1
4.000000E-1	3.653682E-2
6.000000E-1	1.345398E-2
8.000000E-1	1.470539E-1
1.000000E+0	8.086217E-2
1.200000E+0	-7.156264E-2
1.400000E+0	-1.002336E-1
1.600000E+0	-2.472643E-2
1.800000E+0	-1.203484E-1
2.000000E+0	-3.951684E-2
2.200000E+0	-1.160959E-1
2.400000E+0	-2.867794E-2
2.600000E+0	-5.860544E-2
2.800000E+0	-2.562971E-2
3.000000E+0	8.562759E-2
3.200000E+0	2.143325E-1
3.400000E+0	1.136406E-1
3.600000E+0	-7.208917E-2
3.800000E+0	-4.648568E-2
4.000000E+0	-1.152291E-1
4.200000E+0	-1.115946E-1
4.400000E+0	-1.484593E-1
4.600000E+0	-5.617632E-2
4.800000E+0	-1.544197E-1
5.000000E+0	-1.531033E-1
5.200000E+0	-2.689125E-2
5.400000E+0	1.543859E-1
5.600000E+0	3.275455E-1
5.800000E+0	6.618799E-1
6.000000E+0	1.043597E+0
6.200000E+0	1.163296E+0
6.400000E+0	1.224819E+0
6.600000E+0	1.364205E+0
6.800000E+0	1.207441E+0
7.000000E+0	1.381181E+0
7.200000E+0	1.702138E+0
7.400000E+0	2.020994E+0
7.600000E+0	2.189400E+0
7.800000E+0	2.280318E+0
8.000000E+0	2.239692E+0
8.200000E+0	1.970943E+0
8.400000E+0	1.850753E+0
8.600000E+0	1.843404E+0
8.800000E+0	2.104906E+0
9.000000E+0	2.285325E+0
9.200000E+0	2.364108E+0
9.400000E+0	2.530847E+0
9.600000E+0	2.827239E+0
9.800000E+0	3.255122E+0
1.000000E+1	3.587838E+0
1.020000E+1	3.565442E+0
1.040000E+1	3.684256E+0
1.060000E+1	3.940056E+0
1.080000E+1	4.150623E+0
1.100000E+1	4.537250E+0
1.120000E+1	4.833765E+0
1.140000E+1	5.188007E+0
1.160000E+1	5.424982E+0
1.180000E+1	5.843538E+0
1.200000E+1	6.177543E+0
1.220000E+1	6.509056E+0
1.240000E+1	7.033679E+0
1.260000E+1	7.552374E+0
1.280000E+1	8.019101E+0
1.300000E+1	8.630314E+0
1.320000E+1	9.199961E+0
1.340000E+1	9.884986E+0
1.360000E+1	1.051155E+1
1.380000E+1	1.122448E+1
1.400000E+1	1.200533E+1
1.420000E+1	1.273160E+1
1.440000E+1	1.345903E+1
1.460000E+1	1.409516E+1
1.480000E+1	1.445503E+1
1.500000E+1	1.395678E+1
1.520000E+1	1.277457E+1
1.540000E+1	1.131079E+1
1.560000E+1	9.725547E+0
1.580000E+1	8.459700E+0
1.600000E+1	7.139102E+0
1.620000E+1	6.265909E+0
1.640000E+1	5.509013E+0
1.660000E+1	4.824833E+0
1.680000E+1	4.363847E+0
1.700000E+1	3.963856E+0
1.720000E+1	3.496509E+0
1.740000E+1	2.871387E+0
1.760000E+1	2.393174E+0
1.780000E+1	2.072082E+0
1.800000E+1	1.916269E+0
1.820000E+1	1.761540E+0
1.840000E+1	1.576381E+0
1.860000E+1	1.546582E+0
1.880000E+1	1.698253E+0
1.900000E+1	1.520379E+0
1.920000E+1	9.325659E-1
1.940000E+1	5.825850E-1
1.960000E+1	4.813556E-1
1.980000E+1	6.223374E-1
2.000000E+1	5.281674E-1
2.020000E+1	5.471776E-1
2.040000E+1	5.246320E-1
2.060000E+1	6.908370E-1
2.080000E+1	4.581524E-1
2.100000E+1	1.504547E-1
2.120000E+1	-2.220168E-1
2.140000E+1	-9.888834E-2
2.160000E+1	1.088607E-1
2.180000E+1	1.159875E-1
2.200000E+1	-1.819093E-1
2.220000E+1	-2.560996E-1
2.240000E+1	-2.696593E-1
2.260000E+1	-1.722283E-1
2.280000E+1	-2.211662E-1
2.300000E+1	-1.264138E-1
2.320000E+1	-9.835118E-2
2.340000E+1	-6.672021E-2
2.360000E+1	-6.481995E-1
2.380000E+1	-8.401095E-1
2.400000E+1	-8.427984E-1
2.420000E+1	-6.542202E-1
2.440000E+1	-7.298966E-1
2.460000E+1	-6.625941E-1
2.480000E+1	-6.497763E-1
2.500000E+1	-6.084870E-1
2.520000E+1	-8.917983E-1
2.540000E+1	-1.107601E+0
2.560000E+1	-1.142382E+0
2.580000E+1	-9.841319E-1
2.600000E+1	-1.025399E+0
2.620000E+1	-1.193285E+0
2.640000E+1	-1.393574E+0
2.660000E+1	-1.401349E+0
2.680000E+1	-1.289224E+0
2.700000E+1	-1.215627E+0
2.720000E+1	-1.262969E+0
2.740000E+1	-1.292762E+0
2.760000E+1	-1.413399E+0
2.780000E+1	-1.447347E+0
2.800000E+1	-1.408433E+0
2.820000E+1	-1.343787E+0
2.840000E+1	-1.329851E+0
2.860000E+1	-1.494508E+0
2.880000E+1	-1.803610E+0
2.900000E+1	-1.705143E+0
2.920000E+1	-1.525783E+0
2.940000E+1	-1.533710E+0
2.960000E+1	-1.544373E+0
2.980000E+1	-1.534478E+0
3.000000E+1	-1.810005E+0
3.020000E+1	-2.129991E+0
3.040000E+1	-2.207341E+0
3.060000E+1	-2.341907E+0
3.080000E+1	-1.995380E+0
3.100000E+1	-1.901281E+0
3.120000E+1	-1.974810E+0
3.140000E+1	-1.987916E+0
3.160000E+1	-2.150998E+0
3.180000E+1	-2.076777E+0
3.200000E+1	-2.283951E+0
3.220000E+1	-2.323144E+0
3.240000E+1	-2.375166E+0
3.260000E+1	-2.149954E+0
3.280000E+1	-2.001946E+0
3.300000E+1	-1.904999E+0
3.320000E+1	-2.227989E+0
3.340000E+1	-2.609503E+0
3.360000E+1	-2.520938E+0
3.380000E+1	-2.150082E+0
3.400000E+1	-1.958344E+0
3.420000E+1	-1.986449E+0
3.440000E+1	-2.050489E+0
3.460000E+1	-2.209880E+0
3.480000E+1	-1.993894E+0
3.500000E+1	-1.931117E+0
3.520000E+1	-2.013605E+0
3.540000E+1	-2.081617E+0
3.560000E+1	-2.367547E+0
3.580000E+1	-2.255460E+0
3.600000E+1	-2.567161E+0
3.620000E+1	-2.647846E+0
3.640000E+1	-2.783285E+0
3.660000E+1	-2.807468E+0
3.680000E+1	-2.857497E+0
3.700000E+1	-2.861631E+0
3.720000E+1	-2.930491E+0
3.740000E+1	-2.643067E+0
3.760000E+1	-2.492761E+0
3.780000E+1	-2.154368E+0
3.800000E+1	-2.270996E+0
3.820000E+1	-2.199746E+0
3.840000E+1	-2.068218E+0
3.860000E+1	-2.025949E+0
3.880000E+1	-1.851714E+0
3.900000E+1	-1.921356E+0
3.920000E+1	-2.135540E+0
3.940000E+1	-2.067580E+0
3.960000E+1	-2.100628E+0
3.980000E+1	-2.143089E+0
