0.000000E+0	2.803299E-1
2.000000E-1	2.629840E-1
4.000000E-1	-9.796215E-2
6.000000E-1	1.707884E-1
8.000000E-1	1.623349E-1
1.000000E+0	-1.613204E-1
1.200000E+0	-2.344815E-2
1.400000E+0	1.507249E-1
1.600000E+0	2.008609E-1
1.800000E+0	-2.554542E-1
2.000000E+0	-1.737320E-1
2.200000E+0	-1.991630E-1
2.400000E+0	-5.030252E-2
2.600000E+0	7.661054E-2
2.800000E+0	1.386205E-1
3.000000E+0	1.242203E-2
3.200000E+0	-9.184163E-2
3.400000E+0	2.919604E-2
3.600000E+0	6.419508E-3
3.800000E+0	-5.866315E-2
4.000000E+0	-1.666251E-2
4.200000E+0	-4.579880E-2
4.400000E+0	-1.767211E-1
4.600000E+0	-2.982377E-1
4.800000E+0	-1.957299E-1
5.000000E+0	-1.763496E-2
5.200000E+0	-8.778303E-2
5.400000E+0	-2.267647E-1
5.600000E+0	-2.515376E-1
5.800000E+0	-8.106110E-2
6.000000E+0	2.262174E-1
6.200000E+0	3.888248E-1
6.400000E+0	1.760778E-1
6.600000E+0	4.804359E-1
6.800000E+0	6.722124E-1
7.000000E+0	2.763731E-1
7.200000E+0	4.706062E-1
7.400000E+0	3.284786E-1
7.600000E+0	1.617045E-1
7.800000E+0	3.841001E-1
8.000000E+0	3.573198E-1
8.200000E+0	3.284221E-1
8.400000E+0	4.463773E-1
8.600000E+0	2.030486E-1
8.800000E+0	1.814449E-1
9.000000E+0	4.025379E-1
9.200000E+0	4.370790E-1
9.400000E+0	3.818475E-3
9.600000E+0	4.740342E-1
9.800000E+0	8.690408E-1
1.000000E+1	7.605655E-1
1.020000E+1	7.261826E-1
1.040000E+1	6.020395E-1
1.060000E+1	5.980626E-1
1.080000E+1	7.032893E-1
1.100000E+1	3.210407E-1
1.120000E+1	5.615731E-1
1.140000E+1	5.875024E-1
1.160000E+1	3.419313E-1
1.180000E+1	7.896242E-1
1.200000E+1	9.614120E-1
1.220000E+1	4.737719E-1
1.240000E+1	5.240629E-1
1.260000E+1	5.205421E-1
1.280000E+1	8.142782E-1
1.300000E+1	3.520088E-1
1.320000E+1	9.667917E-2
1.340000E+1	8.654076E-1
1.360000E+1	9.347153E-1
1.380000E+1	6.409649E-1
1.400000E+1	7.311296E-1
1.420000E+1	6.215210E-1
1.440000E+1	5.398727E-1
1.460000E+1	5.309417E-1
1.480000E+1	3.689692E-1
1.500000E+1	4.023836E-1
1.520000E+1	5.572494E-1
1.540000E+1	4.342779E-1
1.560000E+1	5.302655E-1
1.580000E+1	3.706151E-1
1.600000E+1	4.018488E-1
1.620000E+1	5.658934E-1
1.640000E+1	4.790009E-1
1.660000E+1	7.003470E-2
1.680000E+1	-5.951115E-1
1.700000E+1	2.407174E-1
1.720000E+1	-1.815082E-1
1.740000E+1	6.442211E-2
1.760000E+1	2.057608E-1
1.780000E+1	1.059010E-1
1.800000E+1	1.836997E-1
1.820000E+1	2.109845E-1
1.840000E+1	5.209621E-3
1.860000E+1	1.243313E-1
1.880000E+1	7.248913E-2
1.900000E+1	5.243138E-3
1.920000E+1	5.536954E-2
1.940000E+1	3.055965E-2
1.960000E+1	1.778062E-1
1.980000E+1	-5.439403E-2
2.000000E+1	-1.094524E+0
2.020000E+1	-5.807352E-1
2.040000E+1	-8.760725E-2
2.060000E+1	3.252082E-1
2.080000E+1	3.159822E-1
2.100000E+1	-1.342383E-1
2.120000E+1	-2.668682E-2
2.140000E+1	-6.632807E-2
2.160000E+1	1.446570E-1
2.180000E+1	1.796608E-1
2.200000E+1	-1.864558E-1
2.220000E+1	1.936380E-1
2.240000E+1	5.595467E-1
2.260000E+1	3.143896E-1
2.280000E+1	7.519611E-3
2.300000E+1	-2.174270E-1
2.320000E+1	-1.146515E-1
2.340000E+1	3.707485E-1
2.360000E+1	2.864140E-1
2.380000E+1	5.758749E-2
2.400000E+1	-2.168526E-1
2.420000E+1	-1.799662E-2
2.440000E+1	1.617415E-1
2.460000E+1	4.611526E-3
2.480000E+1	-5.407582E-1
2.500000E+1	-1.151508E-1
2.520000E+1	-4.248684E-3
2.540000E+1	7.589111E-3
2.560000E+1	-2.287995E-1
2.580000E+1	-1.035143E+0
2.600000E+1	-4.529128E-1
2.620000E+1	-2.262966E-1
2.640000E+1	-7.088494E-3
2.660000E+1	2.339734E-2
2.680000E+1	1.041885E-2
2.700000E+1	-1.184657E-1
2.720000E+1	2.550077E-1
2.740000E+1	3.746613E-1
2.760000E+1	-9.824436E-3
2.780000E+1	-5.534886E-3
2.800000E+1	5.640736E-2
2.820000E+1	1.098814E-1
2.840000E+1	-2.358710E-2
2.860000E+1	1.200640E-1
2.880000E+1	1.249394E-1
2.900000E+1	-3.864314E-2
2.920000E+1	-3.639172E-5
2.940000E+1	-6.935715E-2
2.960000E+1	-1.807880E-1
2.980000E+1	-2.344522E-1
3.000000E+1	-5.892408E-2
3.020000E+1	-3.044620E-1
3.040000E+1	-3.050089E-1
3.060000E+1	7.197972E-2
3.080000E+1	2.419170E-1
3.100000E+1	-1.758937E-1
3.120000E+1	-9.703702E-2
3.140000E+1	3.132963E-1
3.160000E+1	4.857739E-2
3.180000E+1	1.515957E-1
3.200000E+1	2.284829E-1
3.220000E+1	2.607474E-1
3.240000E+1	5.786859E-1
3.260000E+1	4.398185E-1
3.280000E+1	-3.853008E-3
3.300000E+1	-2.082768E-1
3.320000E+1	2.031298E-1
3.340000E+1	3.395107E-1
3.360000E+1	4.254702E-1
3.380000E+1	1.561627E-1
3.400000E+1	-1.344103E-1
3.420000E+1	-2.256473E-1
3.440000E+1	-1.347723E-1
3.460000E+1	1.842861E-1
3.480000E+1	2.963118E-1
3.500000E+1	4.882462E-3
3.520000E+1	-3.203025E-3
3.540000E+1	4.841240E-1
3.560000E+1	2.847092E-1
3.580000E+1	3.787212E-1
3.600000E+1	4.301318E-1
3.620000E+1	3.607670E-1
3.640000E+1	4.478271E-2
3.660000E+1	2.374866E-1
3.680000E+1	4.327217E-2
3.700000E+1	1.644731E-1
3.720000E+1	2.193059E-1
3.740000E+1	2.071909E-1
3.760000E+1	2.135648E-1
3.780000E+1	2.524788E-1
3.800000E+1	9.088267E-2
3.820000E+1	1.223476E-1
3.840000E+1	6.194677E-2
3.860000E+1	-7.007709E-2
3.880000E+1	1.087461E-1
3.900000E+1	8.043162E-2
3.920000E+1	7.711626E-2
3.940000E+1	-7.567732E-4
3.960000E+1	-6.733170E-2
3.980000E+1	1.844606E-1
