0.000000E+0	-1.465404E-1
2.000000E-1	-1.408759E-1
4.000000E-1	-1.228523E-1
6.000000E-1	-3.282643E-1
8.000000E-1	-1.759817E-1
1.000000E+0	-2.725169E-1
1.200000E+0	-2.316748E-1
1.400000E+0	-2.411486E-3
1.600000E+0	-1.562587E-1
1.800000E+0	-3.911575E-2
2.000000E+0	2.990386E-1
2.200000E+0	6.169919E-2
2.400000E+0	-4.115073E-1
2.600000E+0	-2.943019E-1
2.800000E+0	-1.416906E-1
3.000000E+0	-1.287458E-2
3.200000E+0	3.123963E-2
3.400000E+0	1.127400E-1
3.600000E+0	3.041863E-2
3.800000E+0	-7.922087E-2
4.000000E+0	-7.984523E-2
4.200000E+0	2.062876E-1
4.400000E+0	5.408042E-2
4.600000E+0	-1.211350E-1
4.800000E+0	-2.728088E-1
5.000000E+0	-1.840361E-1
5.200000E+0	-1.900076E-1
5.400000E+0	-3.400517E-1
5.600000E+0	-2.944112E-1
5.800000E+0	1.817340E-1
6.000000E+0	2.840790E-1
6.200000E+0	-1.839716E-2
6.400000E+0	1.026915E-1
6.600000E+0	2.502390E-1
6.800000E+0	1.232420E-1
7.000000E+0	6.036261E-2
7.200000E+0	-1.173317E-1
7.400000E+0	7.418374E-2
7.600000E+0	5.356122E-2
7.800000E+0	-1.885803E-1
8.000000E+0	1.211633E-1
8.200000E+0	2.896507E-1
8.400000E+0	3.528203E-2
8.600000E+0	1.402391E-1
8.800000E+0	4.244306E-1
9.000000E+0	1.821025E-1
9.200000E+0	-4.751889E-2
9.400000E+0	2.180901E-1
9.600000E+0	-2.627680E-1
9.800000E+0	1.891837E-3
1.000000E+1	1.373376E-1
1.020000E+1	3.620029E-1
1.040000E+1	2.883899E-1
1.060000E+1	3.153556E-1
1.080000E+1	2.937889E-1
1.100000E+1	3.287869E-2
1.120000E+1	2.473725E-1
1.140000E+1	4.188333E-1
1.160000E+1	3.860939E-1
1.180000E+1	1.993922E-2
1.200000E+1	-8.010528E-2
1.220000E+1	-2.638596E-2
1.240000E+1	-5.318998E-2
1.260000E+1	5.991637E-2
1.280000E+1	8.500788E-2
1.300000E+1	3.126776E-1
1.320000E+1	4.805760E-1
1.340000E+1	3.147257E-1
1.360000E+1	3.660357E-1
1.380000E+1	4.398710E-1
1.400000E+1	2.604283E-1
1.420000E+1	1.110674E-1
1.440000E+1	1.152825E-1
1.460000E+1	2.195538E-1
1.480000E+1	1.098224E-1
1.500000E+1	-1.286574E-1
1.520000E+1	3.897525E-3
1.540000E+1	-1.275177E-2
1.560000E+1	3.089083E-2
1.580000E+1	2.108768E-1
1.600000E+1	-7.819185E-2
1.620000E+1	-1.290206E-1
1.640000E+1	-1.205057E-1
1.660000E+1	-1.428284E-1
1.680000E+1	-1.526030E-1
1.700000E+1	-2.597786E-1
1.720000E+1	-2.585044E-1
1.740000E+1	-2.274837E-2
1.760000E+1	2.160344E-2
1.780000E+1	-1.224586E-2
1.800000E+1	2.921204E-2
1.820000E+1	4.600846E-2
1.840000E+1	2.418235E-1
1.860000E+1	1.665987E-1
1.880000E+1	5.444822E-2
1.900000E+1	-6.726362E-2
1.920000E+1	-3.360504E-2
1.940000E+1	2.462807E-1
1.960000E+1	3.552671E-1
1.980000E+1	3.533292E-1
2.000000E+1	3.510715E-2
2.020000E+1	-1.745353E-1
2.040000E+1	8.957533E-2
2.060000E+1	1.451938E-1
2.080000E+1	1.825784E-1
2.100000E+1	-4.179473E-2
2.120000E+1	-2.091342E-1
2.140000E+1	-1.022495E-1
2.160000E+1	-3.161592E-1
2.180000E+1	-2.365398E-1
2.200000E+1	-2.314579E-1
2.220000E+1	-6.419154E-1
2.240000E+1	-6.038453E-1
2.260000E+1	-5.968437E-1
2.280000E+1	-4.537065E-1
2.300000E+1	-3.437182E-1
2.320000E+1	-1.883665E-1
2.340000E+1	1.195801E-2
2.360000E+1	9.033388E-2
2.380000E+1	8.970027E-2
2.400000E+1	2.611433E-2
2.420000E+1	-3.089951E-1
2.440000E+1	-2.884670E-1
2.460000E+1	-6.165416E-2
2.480000E+1	-2.042751E-1
2.500000E+1	3.666880E-2
2.520000E+1	2.429165E-1
2.540000E+1	7.709048E-2
2.560000E+1	7.617762E-2
2.580000E+1	-1.704212E-1
2.600000E+1	-2.741728E-1
2.620000E+1	-6.177319E-2
2.640000E+1	-1.683161E-2
2.660000E+1	-5.240672E-2
2.680000E+1	-2.280247E-1
2.700000E+1	-2.250581E-1
2.720000E+1	-1.074799E-1
2.740000E+1	6.977735E-3
2.760000E+1	2.960734E-1
2.780000E+1	8.881773E-2
2.800000E+1	-3.007169E-1
2.820000E+1	-4.005161E-1
2.840000E+1	-3.513937E-1
2.860000E+1	-2.537206E-1
2.880000E+1	-2.221104E-1
2.900000E+1	-1.212576E-1
2.920000E+1	-3.826607E-1
2.940000E+1	-6.857317E-1
2.960000E+1	-2.334610E-1
2.980000E+1	-2.322237E-1
3.000000E+1	-2.899349E-1
3.020000E+1	-6.758912E-2
3.040000E+1	-1.310414E-1
3.060000E+1	-2.621334E-1
3.080000E+1	-4.253214E-1
3.100000E+1	-8.772145E-1
3.120000E+1	-1.030319E+0
3.140000E+1	-3.215425E-1
3.160000E+1	-2.283168E-1
3.180000E+1	-1.101378E-1
3.200000E+1	-1.687436E-1
3.220000E+1	-3.457828E-1
3.240000E+1	-4.432086E-1
3.260000E+1	-2.614342E-1
3.280000E+1	-2.416593E-1
3.300000E+1	-2.838949E-1
3.320000E+1	-2.930949E-1
3.340000E+1	-1.851918E-1
3.360000E+1	-1.724662E-2
3.380000E+1	-4.978318E-2
3.400000E+1	-9.465401E-2
3.420000E+1	-1.427087E-2
3.440000E+1	1.333911E-3
3.460000E+1	-7.483161E-2
3.480000E+1	2.500103E-3
3.500000E+1	-2.816484E-1
3.520000E+1	-6.658447E-1
3.540000E+1	-6.751532E-1
3.560000E+1	-2.120368E-1
3.580000E+1	-6.856379E-2
3.600000E+1	-3.606214E-1
3.620000E+1	-3.318682E-1
3.640000E+1	-3.327579E-1
3.660000E+1	-3.939382E-1
3.680000E+1	-4.243338E-1
3.700000E+1	-2.579084E-1
3.720000E+1	-2.653334E-2
3.740000E+1	-3.948005E-2
3.760000E+1	-2.519873E-1
3.780000E+1	-2.646108E-1
3.800000E+1	-9.688193E-2
3.820000E+1	6.093130E-3
3.840000E+1	-6.246677E-2
3.860000E+1	-3.041632E-1
3.880000E+1	-1.275246E-1
3.900000E+1	-2.824318E-1
3.920000E+1	-1.925329E-1
3.940000E+1	-1.128441E-1
3.960000E+1	-9.521986E-2
3.980000E+1	-4.556003E-1
