0.000000E+0	-7.335476E-2
2.000000E-1	-1.513281E-1
4.000000E-1	-3.938946E-1
6.000000E-1	-4.435778E-1
8.000000E-1	-4.060535E-1
1.000000E+0	-4.358735E-1
1.200000E+0	-3.462289E-1
1.400000E+0	-6.449390E-2
1.600000E+0	-1.882949E-2
1.800000E+0	-2.740800E-2
2.000000E+0	-1.289201E-1
2.200000E+0	-9.450451E-2
2.400000E+0	2.719765E-2
2.600000E+0	1.309085E-1
2.800000E+0	-2.272329E-2
3.000000E+0	1.352496E-1
3.200000E+0	6.352352E-2
3.400000E+0	-1.135090E-1
3.600000E+0	-3.455957E-1
3.800000E+0	-3.938199E-1
4.000000E+0	-2.474309E-1
4.200000E+0	-2.202642E-1
4.400000E+0	-2.995090E-1
4.600000E+0	-2.778614E-1
4.800000E+0	-2.146686E-1
5.000000E+0	2.128879E-3
5.200000E+0	1.317711E-1
5.400000E+0	-1.352543E-2
5.600000E+0	3.984509E-2
5.800000E+0	1.027506E-1
6.000000E+0	1.978920E-1
6.200000E+0	3.911902E-1
6.400000E+0	3.723170E-1
6.600000E+0	2.888866E-1
6.800000E+0	2.775490E-1
7.000000E+0	1.573103E-1
7.200000E+0	2.820382E-1
7.400000E+0	4.236244E-1
7.600000E+0	3.777102E-1
7.800000E+0	4.097151E-1
8.000000E+0	3.427057E-1
8.200000E+0	2.635364E-1
8.400000E+0	3.619220E-1
8.600000E+0	3.721930E-1
8.800000E+0	3.240746E-1
9.000000E+0	5.203757E-1
9.200000E+0	4.968070E-1
9.400000E+0	5.025054E-1
9.600000E+0	5.137043E-1
9.800000E+0	5.972156E-1
1.000000E+1	7.278618E-1
1.020000E+1	7.020148E-1
1.040000E+1	7.666680E-1
1.060000E+1	7.524041E-1
1.080000E+1	7.332209E-1
1.100000E+1	6.102486E-1
1.120000E+1	5.397539E-1
1.140000E+1	6.666124E-1
1.160000E+1	6.222560E-1
1.180000E+1	6.177954E-1
1.200000E+1	4.487202E-1
1.220000E+1	3.941072E-1
1.240000E+1	5.074083E-1
1.260000E+1	5.462451E-1
1.280000E+1	4.818571E-1
1.300000E+1	5.700523E-1
1.320000E+1	6.710975E-1
1.340000E+1	6.047212E-1
1.360000E+1	6.659702E-1
1.380000E+1	7.143717E-1
1.400000E+1	7.562753E-1
1.420000E+1	7.593687E-1
1.440000E+1	6.826774E-1
1.460000E+1	8.376004E-1
1.480000E+1	9.025057E-1
1.500000E+1	7.965901E-1
1.520000E+1	8.158690E-1
1.540000E+1	7.553000E-1
1.560000E+1	7.467181E-1
1.580000E+1	4.963747E-1
1.600000E+1	5.400138E-1
1.620000E+1	4.451920E-1
1.640000E+1	4.673087E-1
1.660000E+1	4.008791E-1
1.680000E+1	5.015541E-1
1.700000E+1	5.355381E-1
1.720000E+1	4.527431E-1
1.740000E+1	2.972449E-1
1.760000E+1	1.755083E-1
1.780000E+1	2.178492E-1
1.800000E+1	1.683276E-1
1.820000E+1	2.874089E-1
1.840000E+1	1.417424E-1
1.860000E+1	-2.003051E-1
1.880000E+1	-3.819405E-1
1.900000E+1	-6.493052E-1
1.920000E+1	-9.796483E-1
1.940000E+1	-1.087801E+0
1.960000E+1	-1.067268E+0
1.980000E+1	-1.105600E+0
2.000000E+1	-1.116872E+0
2.020000E+1	-1.043763E+0
2.040000E+1	-8.454330E-1
2.060000E+1	-7.253990E-1
2.080000E+1	-8.525081E-1
2.100000E+1	-1.029797E+0
2.120000E+1	-9.438615E-1
2.140000E+1	-8.849671E-1
2.160000E+1	-8.134616E-1
2.180000E+1	-6.602899E-1
2.200000E+1	-5.356529E-1
2.220000E+1	-5.596991E-1
2.240000E+1	-6.036540E-1
2.260000E+1	-6.375764E-1
2.280000E+1	-6.850851E-1
2.300000E+1	-5.965026E-1
2.320000E+1	-5.572199E-1
2.340000E+1	-5.962065E-1
2.360000E+1	-5.673754E-1
2.380000E+1	-3.956785E-1
2.400000E+1	-4.304294E-1
2.420000E+1	-5.973333E-1
2.440000E+1	-5.243027E-1
2.460000E+1	-6.536889E-1
2.480000E+1	-6.344527E-1
2.500000E+1	-5.979198E-1
2.520000E+1	-5.085074E-1
2.540000E+1	-4.956922E-1
2.560000E+1	-3.517877E-1
2.580000E+1	-4.580843E-1
2.600000E+1	-4.909299E-1
2.620000E+1	-5.558960E-1
2.640000E+1	-6.067070E-1
2.660000E+1	-7.006205E-1
2.680000E+1	-5.334175E-1
2.700000E+1	-2.782050E-1
2.720000E+1	-3.115961E-1
2.740000E+1	-4.538767E-1
2.760000E+1	-5.295434E-1
2.780000E+1	-4.635613E-1
2.800000E+1	-4.735587E-1
2.820000E+1	-5.505103E-1
2.840000E+1	-4.970978E-1
2.860000E+1	-4.481962E-1
2.880000E+1	-3.508550E-1
2.900000E+1	-1.367989E-1
2.920000E+1	-1.291291E-1
2.940000E+1	-2.322470E-1
2.960000E+1	-2.619281E-1
2.980000E+1	-3.742616E-1
3.000000E+1	-4.821204E-1
3.020000E+1	-3.074302E-1
3.040000E+1	-2.338024E-1
3.060000E+1	-5.145136E-2
3.080000E+1	-4.122337E-2
3.100000E+1	-1.095046E-1
3.120000E+1	-2.254883E-1
3.140000E+1	-2.147095E-1
3.160000E+1	-3.082360E-1
3.180000E+1	-2.159055E-1
3.200000E+1	-1.662091E-1
3.220000E+1	-1.936207E-1
3.240000E+1	-1.962753E-1
3.260000E+1	-2.252958E-1
3.280000E+1	-8.309756E-2
3.300000E+1	-3.061591E-1
3.320000E+1	-4.614096E-1
3.340000E+1	-5.408220E-1
3.360000E+1	-5.710071E-1
3.380000E+1	-3.967447E-1
3.400000E+1	-4.359818E-1
3.420000E+1	-2.820377E-1
3.440000E+1	-2.411102E-1
3.460000E+1	-2.436030E-1
3.480000E+1	-3.356201E-1
3.500000E+1	-4.184099E-1
3.520000E+1	-2.812973E-1
3.540000E+1	-2.966993E-1
3.560000E+1	-2.321403E-1
3.580000E+1	-6.144878E-2
3.600000E+1	-6.552949E-2
3.620000E+1	-1.340495E-1
3.640000E+1	-1.806625E-1
3.660000E+1	-2.732898E-1
3.680000E+1	-2.663414E-1
3.700000E+1	-1.737947E-1
3.720000E+1	-2.089461E-1
3.740000E+1	-1.597614E-1
3.760000E+1	-4.636737E-2
3.780000E+1	-3.631843E-2
3.800000E+1	-1.856314E-1
3.820000E+1	-3.378561E-1
3.840000E+1	-3.743067E-1
3.860000E+1	-3.804743E-1
3.880000E+1	-4.813054E-1
3.900000E+1	-4.344686E-1
3.920000E+1	-2.981771E-1
3.940000E+1	-3.125178E-1
3.960000E+1	-3.025810E-1
3.980000E+1	-2.486288E-1
