0.000000E+0	7.370546E-2
2.000000E-1	2.041907E-1
4.000000E-1	1.240870E-1
6.000000E-1	1.330656E-1
8.000000E-1	9.329554E-2
1.000000E+0	1.172308E-1
1.200000E+0	-1.068986E-2
1.400000E+0	-1.366907E-1
1.600000E+0	9.662995E-2
1.800000E+0	-2.266779E-1
2.000000E+0	-2.743129E-1
2.200000E+0	2.114844E-1
2.400000E+0	4.628029E-2
2.600000E+0	6.225584E-2
2.800000E+0	1.299036E-1
3.000000E+0	1.018173E-1
3.200000E+0	2.438750E-1
3.400000E+0	1.135236E-1
3.600000E+0	3.668113E-1
3.800000E+0	7.476139E-1
4.000000E+0	2.598105E-1
4.200000E+0	9.846777E-2
4.400000E+0	1.597769E-1
4.600000E+0	2.159294E-1
4.800000E+0	2.072350E-1
5.000000E+0	-1.073335E-1
5.200000E+0	2.380523E-1
5.400000E+0	1.798084E-1
5.600000E+0	2.889706E-1
5.800000E+0	1.234798E-1
6.000000E+0	1.531613E-1
6.200000E+0	1.415118E-1
6.400000E+0	1.593586E-2
6.600000E+0	-1.549194E-2
6.800000E+0	2.774086E-2
7.000000E+0	1.727925E-1
7.200000E+0	4.744576E-1
7.400000E+0	5.500212E-1
7.600000E+0	6.170666E-1
7.800000E+0	3.576621E-1
8.000000E+0	4.895898E-1
8.200000E+0	3.102315E-1
8.400000E+0	-1.646717E-1
8.600000E+0	-1.214167E-1
8.800000E+0	2.137896E-1
9.000000E+0	4.150977E-2
9.200000E+0	3.315806E-1
9.400000E+0	2.873870E-1
9.600000E+0	2.634895E-1
9.800000E+0	1.187875E-2
1.000000E+1	1.684214E-1
1.020000E+1	2.019294E-1
1.040000E+1	3.615990E-1
1.060000E+1	4.221320E-1
1.080000E+1	2.196704E-1
1.100000E+1	2.624215E-1
1.120000E+1	2.932421E-1
1.140000E+1	1.795984E-1
1.160000E+1	1.946635E-1
1.180000E+1	2.380591E-1
1.200000E+1	4.700595E-1
1.220000E+1	2.517301E-1
1.240000E+1	2.971917E-1
1.260000E+1	5.140244E-2
1.280000E+1	-5.215817E-2
1.300000E+1	4.876458E-1
1.320000E+1	4.378663E-1
1.340000E+1	3.849553E-1
1.360000E+1	1.158457E-1
1.380000E+1	3.471184E-1
1.400000E+1	1.195132E-1
1.420000E+1	3.815922E-2
1.440000E+1	-8.014338E-2
1.460000E+1	2.429765E-1
1.480000E+1	1.112911E-1
1.500000E+1	2.203266E-1
1.520000E+1	2.908321E-1
1.540000E+1	5.884266E-1
1.560000E+1	6.492431E-1
1.580000E+1	2.676917E-1
1.600000E+1	3.200006E-1
1.620000E+1	1.999137E-1
1.640000E+1	5.527619E-2
1.660000E+1	2.405566E-1
1.680000E+1	1.058922E-1
1.700000E+1	-1.093236E-1
1.720000E+1	8.067858E-2
1.740000E+1	5.176548E-2
1.760000E+1	1.917085E-1
1.780000E+1	1.921082E-1
1.800000E+1	4.569045E-1
1.820000E+1	4.058645E-1
1.840000E+1	1.845544E-1
1.860000E+1	-1.214475E-1
1.880000E+1	-1.455099E-2
1.900000E+1	-3.584477E-2
1.920000E+1	-1.371647E-1
1.940000E+1	-3.975027E-1
1.960000E+1	-4.265652E-1
1.980000E+1	-1.918097E-1
2.000000E+1	-2.570924E-1
2.020000E+1	-3.181891E-1
2.040000E+1	-2.337522E-1
2.060000E+1	2.043810E-1
2.080000E+1	2.160519E-1
2.100000E+1	8.710214E-2
2.120000E+1	3.854618E-1
2.140000E+1	2.069700E-1
2.160000E+1	-2.903498E-1
2.180000E+1	-3.687226E-1
2.200000E+1	-2.476188E-1
2.220000E+1	-6.342869E-2
2.240000E+1	-3.092317E-1
2.260000E+1	-3.257043E-1
2.280000E+1	-8.995211E-1
2.300000E+1	-1.523098E-1
2.320000E+1	2.118004E-1
2.340000E+1	2.084552E-1
2.360000E+1	1.336870E-2
2.380000E+1	6.960428E-2
2.400000E+1	6.013633E-2
2.420000E+1	-9.136627E-2
2.440000E+1	2.999995E-1
2.460000E+1	4.027147E-1
2.480000E+1	9.968120E-1
2.500000E+1	1.548816E-1
2.520000E+1	3.933790E-1
2.540000E+1	-1.215783E-1
2.560000E+1	1.166480E-1
2.580000E+1	-1.400953E-1
2.600000E+1	-2.587335E-1
2.620000E+1	-5.398997E-2
2.640000E+1	1.345534E-1
2.660000E+1	4.419796E-1
2.680000E+1	2.356471E-1
2.700000E+1	-1.849053E-2
2.720000E+1	5.836232E-4
2.740000E+1	9.326811E-1
2.760000E+1	4.645133E-1
2.780000E+1	1.432908E-1
2.800000E+1	1.733904E-1
2.820000E+1	2.879994E-2
2.840000E+1	3.215842E-1
2.860000E+1	2.663075E-2
2.880000E+1	1.008162E-1
2.900000E+1	1.554032E-1
2.920000E+1	-6.672037E-2
2.940000E+1	-2.600046E-2
2.960000E+1	1.292906E-1
2.980000E+1	-4.893344E-1
3.000000E+1	-9.734429E-2
3.020000E+1	4.054321E-2
3.040000E+1	-9.645959E-2
3.060000E+1	8.416291E-3
3.080000E+1	2.010664E-1
3.100000E+1	2.299732E-1
3.120000E+1	4.009564E-1
3.140000E+1	-1.635117E-1
3.160000E+1	-1.253129E+0
3.180000E+1	-4.983924E-1
3.200000E+1	2.583425E-2
3.220000E+1	-4.516713E-2
3.240000E+1	1.613718E-1
3.260000E+1	5.426426E-3
3.280000E+1	3.212340E-2
3.300000E+1	1.324589E-1
3.320000E+1	-6.189112E-2
3.340000E+1	-9.177418E-2
3.360000E+1	2.192560E-1
3.380000E+1	4.380372E-2
3.400000E+1	-1.947564E-1
3.420000E+1	-1.844267E-1
3.440000E+1	-1.862905E-1
3.460000E+1	2.284333E-1
3.480000E+1	1.551160E-2
3.500000E+1	1.034224E-1
3.520000E+1	-3.042938E-1
3.540000E+1	-8.508863E-2
3.560000E+1	-2.559329E-1
3.580000E+1	2.916028E-2
3.600000E+1	1.186368E-1
3.620000E+1	1.227176E-1
3.640000E+1	-2.083764E-1
3.660000E+1	-6.765839E-2
3.680000E+1	-1.528551E-2
3.700000E+1	3.151614E-1
3.720000E+1	2.698682E-1
3.740000E+1	4.130029E-2
3.760000E+1	1.322022E-1
3.780000E+1	2.282026E-2
3.800000E+1	2.864709E-3
3.820000E+1	8.040153E-2
3.840000E+1	2.950340E-1
3.860000E+1	1.740007E-1
3.880000E+1	7.649841E-2
3.900000E+1	6.659850E-2
3.920000E+1	3.769139E-1
3.940000E+1	3.040007E-1
3.960000E+1	2.349214E-1
3.980000E+1	2.624487E-1
