0.000000E+0	2.406325E-1
2.000000E-1	2.231074E-1
4.000000E-1	3.291260E-2
6.000000E-1	-1.320989E-1
8.000000E-1	-4.675658E-2
1.000000E+0	8.446232E-2
1.200000E+0	2.050674E-1
1.400000E+0	7.444736E-2
1.600000E+0	-8.730589E-2
1.800000E+0	-1.650547E-2
2.000000E+0	-9.901241E-2
2.200000E+0	-1.299694E-1
2.400000E+0	-3.576103E-1
2.600000E+0	1.485852E-2
2.800000E+0	1.416346E-1
3.000000E+0	2.854049E-1
3.200000E+0	1.750902E-1
3.400000E+0	7.341521E-2
3.600000E+0	3.402631E-2
3.800000E+0	-1.357148E-1
4.000000E+0	-1.943239E-1
4.200000E+0	-2.567576E-1
4.400000E+0	-2.364764E-1
4.600000E+0	-1.949148E-1
4.800000E+0	-1.001069E-1
5.000000E+0	1.108754E-1
5.200000E+0	2.084490E-1
5.400000E+0	4.402197E-1
5.600000E+0	3.407484E-1
5.800000E+0	1.924607E-1
6.000000E+0	-2.723800E-2
6.200000E+0	-8.337773E-2
6.400000E+0	1.643991E-1
6.600000E+0	7.532311E-1
6.800000E+0	1.021432E+0
7.000000E+0	7.555032E-1
7.200000E+0	4.040091E-1
7.400000E+0	2.044494E-1
7.600000E+0	2.528981E-1
7.800000E+0	3.247850E-1
8.000000E+0	3.664037E-1
8.200000E+0	1.891330E-1
8.400000E+0	-9.055061E-2
8.600000E+0	-1.681910E-1
8.800000E+0	9.522735E-2
9.000000E+0	4.653338E-1
9.200000E+0	6.338046E-1
9.400000E+0	1.707752E-1
9.600000E+0	-1.212137E-1
9.800000E+0	-2.877070E-1
1.000000E+1	-2.005230E-2
1.020000E+1	1.309432E-1
1.040000E+1	4.562201E-1
1.060000E+1	5.378688E-1
1.080000E+1	6.463459E-1
1.100000E+1	8.261203E-1
1.120000E+1	7.716751E-1
1.140000E+1	6.484469E-1
1.160000E+1	5.698951E-1
1.180000E+1	6.862933E-1
1.200000E+1	6.413758E-1
1.220000E+1	5.550862E-1
1.240000E+1	6.117152E-1
1.260000E+1	5.642348E-1
1.280000E+1	5.176220E-1
1.300000E+1	6.479574E-1
1.320000E+1	6.125935E-1
1.340000E+1	4.070797E-1
1.360000E+1	3.611214E-1
1.380000E+1	3.905616E-1
1.400000E+1	3.375500E-1
1.420000E+1	3.130297E-1
1.440000E+1	1.746738E-1
1.460000E+1	1.215994E-1
1.480000E+1	-1.590207E-1
1.500000E+1	5.266866E-2
1.520000E+1	3.042109E-1
1.540000E+1	1.765238E-1
1.560000E+1	1.484621E-1
1.580000E+1	1.151561E-1
1.600000E+1	1.758352E-1
1.620000E+1	7.933188E-2
1.640000E+1	3.479934E-2
1.660000E+1	-1.298686E-1
1.680000E+1	-3.499452E-1
1.700000E+1	-8.305946E-1
1.720000E+1	-1.020502E+0
1.740000E+1	-1.078017E+0
1.760000E+1	-5.303285E-1
1.780000E+1	-1.563388E-1
1.800000E+1	-8.331594E-3
1.820000E+1	4.653858E-2
1.840000E+1	-1.119516E-1
1.860000E+1	-3.925125E-2
1.880000E+1	8.577091E-2
1.900000E+1	2.152795E-1
1.920000E+1	2.588972E-1
1.940000E+1	7.081191E-2
1.960000E+1	-3.746801E-2
1.980000E+1	-1.246244E-1
2.000000E+1	-8.492102E-2
2.020000E+1	-1.593613E-1
2.040000E+1	-2.070309E-1
2.060000E+1	-7.054600E-2
2.080000E+1	1.258607E-1
2.100000E+1	3.650608E-1
2.120000E+1	2.569026E-1
2.140000E+1	-1.959509E-1
2.160000E+1	-6.771730E-1
2.180000E+1	-9.023871E-1
2.200000E+1	-7.396981E-1
2.220000E+1	-6.095718E-1
2.240000E+1	-5.037978E-1
2.260000E+1	-3.774699E-1
2.280000E+1	-4.052528E-1
2.300000E+1	-4.524645E-1
2.320000E+1	-4.761890E-1
2.340000E+1	-3.752225E-1
2.360000E+1	-4.083216E-1
2.380000E+1	-3.650139E-1
2.400000E+1	-3.097240E-1
2.420000E+1	-4.562044E-1
2.440000E+1	-6.248134E-1
2.460000E+1	-8.326992E-1
2.480000E+1	-6.680911E-1
2.500000E+1	-4.785131E-1
2.520000E+1	-3.538435E-1
2.540000E+1	-5.782508E-1
2.560000E+1	-6.791592E-1
2.580000E+1	-7.378497E-1
2.600000E+1	-5.910381E-1
2.620000E+1	-5.361270E-1
2.640000E+1	-4.720498E-1
2.660000E+1	-4.859996E-1
2.680000E+1	-5.982593E-1
2.700000E+1	-5.568535E-1
2.720000E+1	-6.230101E-1
2.740000E+1	-6.460634E-1
2.760000E+1	-9.450130E-1
2.780000E+1	-8.363371E-1
2.800000E+1	-9.480297E-1
2.820000E+1	-7.160900E-1
2.840000E+1	-3.129423E-1
2.860000E+1	4.330578E-2
2.880000E+1	-2.210598E-2
2.900000E+1	-3.328401E-1
2.920000E+1	-6.270426E-1
2.940000E+1	-1.044110E+0
2.960000E+1	-9.807822E-1
2.980000E+1	-8.065817E-1
3.000000E+1	-4.992101E-1
3.020000E+1	-4.831108E-1
3.040000E+1	-4.638816E-1
3.060000E+1	-5.838447E-1
3.080000E+1	-4.204250E-1
3.100000E+1	-3.791278E-1
3.120000E+1	-5.926712E-1
3.140000E+1	-7.822711E-1
3.160000E+1	-9.305468E-1
3.180000E+1	-9.713845E-1
3.200000E+1	-1.073308E+0
3.220000E+1	-1.151068E+0
3.240000E+1	-1.187240E+0
3.260000E+1	-1.047622E+0
3.280000E+1	-9.569876E-1
3.300000E+1	-8.426920E-1
3.320000E+1	-8.422656E-1
3.340000E+1	-1.005695E+0
3.360000E+1	-9.726703E-1
3.380000E+1	-8.635924E-1
3.400000E+1	-8.640132E-1
3.420000E+1	-1.014626E+0
3.440000E+1	-1.221030E+0
3.460000E+1	-1.122849E+0
3.480000E+1	-9.181912E-1
3.500000E+1	-6.889208E-1
3.520000E+1	-5.917213E-1
3.540000E+1	-6.669645E-1
3.560000E+1	-8.230845E-1
3.580000E+1	-9.735351E-1
3.600000E+1	-9.771568E-1
3.620000E+1	-9.357649E-1
3.640000E+1	-8.428420E-1
3.660000E+1	-7.514553E-1
3.680000E+1	-6.072810E-1
3.700000E+1	-6.882887E-1
3.720000E+1	-8.699710E-1
3.740000E+1	-1.031583E+0
3.760000E+1	-9.823496E-1
3.780000E+1	-1.129068E+0
3.800000E+1	-9.240334E-1
3.820000E+1	-9.238873E-1
3.840000E+1	-9.209830E-1
3.860000E+1	-1.163921E+0
3.880000E+1	-1.135572E+0
3.900000E+1	-9.542586E-1
3.920000E+1	-5.861000E-1
3.940000E+1	-4.972969E-1
3.960000E+1	-6.117379E-1
3.980000E+1	-8.869460E-1
